2 21 1600
2 19 1601
2 18 1602
2 17 1603
2 16 1604
2 21 1605
2 20 1606
2 19 1607
2 18 1608
2 16 1609
2 15 1610
2 21 1611
2 20 1612
2 18 1613
2 17 1614
2 16 1615
2 15 1616
2 20 1617
2 19 1618
2 18 1619
2 17 1620
2 15 1621
2 21 1622
2 20 1623
2 19 1624
2 17 1625
2 16 1626
2 15 1627
2 21 1628
2 19 1629
2 18 1630
2 17 1631
2 16 1632
2 21 1633
2 20 1634
2 19 1635
2 18 1636
2 16 1637
2 15 1638
2 21 1639
2 20 1640
2 18 1641
2 17 1642
2 16 1643
2 15 1644
2 20 1645
2 19 1646
2 18 1647
2 17 1648
2 15 1649
2 21 1650
2 20 1651
2 19 1652
2 17 1653
2 16 1654
2 15 1655
2 21 1656
2 19 1657
2 18 1658
2 17 1659
2 16 1660
2 21 1661
2 20 1662
2 19 1663
2 18 1664
2 16 1665
2 15 1666
2 21 1667
2 20 1668
2 18 1669
2 17 1670
2 16 1671
2 15 1672
2 20 1673
2 19 1674
2 18 1675
2 17 1676
2 15 1677
2 21 1678
2 20 1679
2 19 1680
2 17 1681
2 16 1682
2 15 1683
2 21 1684
2 19 1685
2 18 1686
2 17 1687
2 16 1688
2 21 1689
2 20 1690
2 19 1691
2 18 1692
2 16 1693
2 15 1694
2 21 1695
2 20 1696
2 18 1697
2 17 1698
2 16 1699
2 15 1700
2 21 1701
2 20 1702
2 19 1703
2 18 1704
2 16 1705
2 15 1706
2 21 1707
2 20 1708
2 18 1709
2 17 1710
2 16 1711
2 15 1712
2 20 1713
2 19 1714
2 18 1715
2 17 1716
2 15 1717
2 21 1718
2 20 1719
2 19 1720
2 17 1721
2 16 1722
2 15 1723
2 21 1724
2 19 1725
2 18 1726
2 17 1727
2 16 1728
2 21 1729
2 20 1730
2 19 1731
2 18 1732
2 16 1733
2 15 1734
2 21 1735
2 20 1736
2 18 1737
2 17 1738
2 16 1739
2 15 1740
2 20 1741
2 19 1742
2 18 1743
2 17 1744
2 15 1745
2 21 1746
2 20 1747
2 19 1748
2 17 1749
2 16 1750
2 15 1751
2 21 1752
2 19 1753
2 18 1754
2 17 1755
2 16 1756
2 21 1757
2 20 1758
2 19 1759
2 18 1760
2 16 1761
2 15 1762
2 21 1763
2 20 1764
2 18 1765
2 17 1766
2 16 1767
2 15 1768
2 20 1769
2 19 1770
2 18 1771
2 17 1772
2 15 1773
2 21 1774
2 20 1775
2 19 1776
2 17 1777
2 16 1778
2 15 1779
2 21 1780
2 19 1781
2 18 1782
2 17 1783
2 16 1784
2 21 1785
2 20 1786
2 19 1787
2 18 1788
2 16 1789
2 15 1790
2 21 1791
2 20 1792
2 18 1793
2 17 1794
2 16 1795
2 15 1796
2 20 1797
2 19 1798
2 18 1799
2 17 1800
2 16 1801
2 15 1802
2 21 1803
2 20 1804
2 18 1805
2 17 1806
2 16 1807
2 15 1808
2 20 1809
2 19 1810
2 18 1811
2 17 1812
2 15 1813
2 21 1814
2 20 1815
2 19 1816
2 17 1817
2 16 1818
2 15 1819
2 21 1820
2 19 1821
2 18 1822
2 17 1823
2 16 1824
2 21 1825
2 20 1826
2 19 1827
2 18 1828
2 16 1829
2 15 1830
2 21 1831
2 20 1832
2 18 1833
2 17 1834
2 16 1835
2 15 1836
2 20 1837
2 19 1838
2 18 1839
2 17 1840
2 15 1841
2 21 1842
2 20 1843
2 19 1844
2 17 1845
2 16 1846
2 15 1847
2 21 1848
2 19 1849
2 18 1850
2 17 1851
2 16 1852
2 21 1853
2 20 1854
2 19 1855
2 18 1856
2 16 1857
2 15 1858
2 21 1859
2 20 1860
2 18 1861
2 17 1862
2 16 1863
2 15 1864
2 20 1865
2 19 1866
2 18 1867
2 17 1868
2 15 1869
2 21 1870
2 20 1871
2 19 1872
2 17 1873
2 16 1874
2 15 1875
2 21 1876
2 19 1877
2 18 1878
2 17 1879
2 16 1880
2 21 1881
2 20 1882
2 19 1883
2 18 1884
2 16 1885
2 15 1886
2 21 1887
2 20 1888
2 18 1889
2 17 1890
2 16 1891
2 15 1892
2 20 1893
2 19 1894
2 18 1895
2 17 1896
2 15 1897
2 21 1898
2 20 1899
2 19 1900
2 18 1901
2 17 1902
2 16 1903
2 15 1904
2 20 1905
2 19 1906
2 18 1907
2 17 1908
2 15 1909
2 21 1910
2 20 1911
2 19 1912
2 17 1913
2 16 1914
2 15 1915
2 21 1916
2 19 1917
2 18 1918
2 17 1919
2 16 1920
2 21 1921
2 20 1922
2 19 1923
2 18 1924
2 16 1925
2 15 1926
2 21 1927
2 20 1928
2 18 1929
2 17 1930
2 16 1931
2 15 1932
2 20 1933
2 19 1934
2 18 1935
2 17 1936
2 15 1937
2 21 1938
2 20 1939
2 19 1940
2 17 1941
2 16 1942
2 15 1943
2 21 1944
2 19 1945
2 18 1946
2 17 1947
2 16 1948
2 21 1949
2 20 1950
2 19 1951
2 18 1952
2 16 1953
2 15 1954
2 21 1955
2 20 1956
2 18 1957
2 17 1958
2 16 1959
2 15 1960
2 20 1961
2 19 1962
2 18 1963
2 17 1964
2 15 1965
2 21 1966
2 20 1967
2 19 1968
2 17 1969
2 16 1970
2 15 1971
2 21 1972
2 19 1973
2 18 1974
2 17 1975
2 16 1976
2 21 1977
2 20 1978
2 19 1979
2 18 1980
2 16 1981
2 15 1982
2 21 1983
2 20 1984
2 18 1985
2 17 1986
2 16 1987
2 15 1988
2 20 1989
2 19 1990
2 18 1991
2 17 1992
2 15 1993
2 21 1994
2 20 1995
2 19 1996
2 17 1997
2 16 1998
2 15 1999
2 21 2000
2 19 2001
2 18 2002
2 17 2003
2 16 2004
2 21 2005
2 20 2006
2 19 2007
2 18 2008
2 16 2009
2 15 2010
2 21 2011
2 20 2012
2 18 2013
2 17 2014
2 16 2015
2 15 2016
2 20 2017
2 19 2018
2 18 2019
2 17 2020
2 15 2021
2 21 2022
2 20 2023
2 19 2024
2 17 2025
2 16 2026
2 15 2027
2 21 2028
2 19 2029
2 18 2030
2 17 2031
2 16 2032
2 21 2033
2 20 2034
2 19 2035
2 18 2036
2 16 2037
2 15 2038
2 21 2039
2 20 2040
2 18 2041
2 17 2042
2 16 2043
2 15 2044
2 20 2045
2 19 2046
2 18 2047
2 17 2048
2 15 2049
2 21 2050
2 20 2051
2 19 2052
2 17 2053
2 16 2054
2 15 2055
2 21 2056
2 19 2057
2 18 2058
2 17 2059
2 16 2060
2 21 2061
2 20 2062
2 19 2063
2 18 2064
2 16 2065
2 15 2066
2 21 2067
2 20 2068
2 18 2069
2 17 2070
2 16 2071
2 15 2072
2 20 2073
2 19 2074
2 18 2075
2 17 2076
2 15 2077
2 21 2078
2 20 2079
2 19 2080
2 17 2081
2 16 2082
2 15 2083
2 21 2084
2 19 2085
2 18 2086
2 17 2087
2 16 2088
2 21 2089
2 20 2090
2 19 2091
2 18 2092
2 16 2093
2 15 2094
2 21 2095
2 20 2096
2 18 2097
2 17 2098
2 16 2099
