7 4 1600
7 4 1601
7 4 1602
7 4 1603
7 4 1604
7 4 1605
7 4 1606
7 4 1607
7 4 1608
7 4 1609
7 4 1610
7 4 1611
7 4 1612
7 4 1613
7 4 1614
7 4 1615
7 4 1616
7 4 1617
7 4 1618
7 4 1619
7 4 1620
7 4 1621
7 4 1622
7 4 1623
7 4 1624
7 4 1625
7 4 1626
7 4 1627
7 4 1628
7 4 1629
7 4 1630
7 4 1631
7 4 1632
7 4 1633
7 4 1634
7 4 1635
7 4 1636
7 4 1637
7 4 1638
7 4 1639
7 4 1640
7 4 1641
7 4 1642
7 4 1643
7 4 1644
7 4 1645
7 4 1646
7 4 1647
7 4 1648
7 4 1649
7 4 1650
7 4 1651
7 4 1652
7 4 1653
7 4 1654
7 4 1655
7 4 1656
7 4 1657
7 4 1658
7 4 1659
7 4 1660
7 4 1661
7 4 1662
7 4 1663
7 4 1664
7 4 1665
7 4 1666
7 4 1667
7 4 1668
7 4 1669
7 4 1670
7 4 1671
7 4 1672
7 4 1673
7 4 1674
7 4 1675
7 4 1676
7 4 1677
7 4 1678
7 4 1679
7 4 1680
7 4 1681
7 4 1682
7 4 1683
7 4 1684
7 4 1685
7 4 1686
7 4 1687
7 4 1688
7 4 1689
7 4 1690
7 4 1691
7 4 1692
7 4 1693
7 4 1694
7 4 1695
7 4 1696
7 4 1697
7 4 1698
7 4 1699
7 4 1700
7 4 1701
7 4 1702
7 4 1703
7 4 1704
7 4 1705
7 4 1706
7 4 1707
7 4 1708
7 4 1709
7 4 1710
7 4 1711
7 4 1712
7 4 1713
7 4 1714
7 4 1715
7 4 1716
7 4 1717
7 4 1718
7 4 1719
7 4 1720
7 4 1721
7 4 1722
7 4 1723
7 4 1724
7 4 1725
7 4 1726
7 4 1727
7 4 1728
7 4 1729
7 4 1730
7 4 1731
7 4 1732
7 4 1733
7 4 1734
7 4 1735
7 4 1736
7 4 1737
7 4 1738
7 4 1739
7 4 1740
7 4 1741
7 4 1742
7 4 1743
7 4 1744
7 4 1745
7 4 1746
7 4 1747
7 4 1748
7 4 1749
7 4 1750
7 4 1751
7 4 1752
7 4 1753
7 4 1754
7 4 1755
7 4 1756
7 4 1757
7 4 1758
7 4 1759
7 4 1760
7 4 1761
7 4 1762
7 4 1763
7 4 1764
7 4 1765
7 4 1766
7 4 1767
7 4 1768
7 4 1769
7 4 1770
7 4 1771
7 4 1772
7 4 1773
7 4 1774
7 4 1775
7 4 1776
7 4 1777
7 4 1778
7 4 1779
7 4 1780
7 4 1781
7 4 1782
7 4 1783
7 4 1784
7 4 1785
7 4 1786
7 4 1787
7 4 1788
7 4 1789
7 4 1790
7 4 1791
7 4 1792
7 4 1793
7 4 1794
7 4 1795
7 4 1796
7 4 1797
7 4 1798
7 4 1799
7 4 1800
7 4 1801
7 4 1802
7 4 1803
7 4 1804
7 4 1805
7 4 1806
7 4 1807
7 4 1808
7 4 1809
7 4 1810
7 4 1811
7 4 1812
7 4 1813
7 4 1814
7 4 1815
7 4 1816
7 4 1817
7 4 1818
7 4 1819
7 4 1820
7 4 1821
7 4 1822
7 4 1823
7 4 1824
7 4 1825
7 4 1826
7 4 1827
7 4 1828
7 4 1829
7 4 1830
7 4 1831
7 4 1832
7 4 1833
7 4 1834
7 4 1835
7 4 1836
7 4 1837
7 4 1838
7 4 1839
7 4 1840
7 4 1841
7 4 1842
7 4 1843
7 4 1844
7 4 1845
7 4 1846
7 4 1847
7 4 1848
7 4 1849
7 4 1850
7 4 1851
7 4 1852
7 4 1853
7 4 1854
7 4 1855
7 4 1856
7 4 1857
7 4 1858
7 4 1859
7 4 1860
7 4 1861
7 4 1862
7 4 1863
7 4 1864
7 4 1865
7 4 1866
7 4 1867
7 4 1868
7 4 1869
7 4 1870
7 4 1871
7 4 1872
7 4 1873
7 4 1874
7 4 1875
7 4 1876
7 4 1877
7 4 1878
7 4 1879
7 4 1880
7 4 1881
7 4 1882
7 4 1883
7 4 1884
7 4 1885
7 4 1886
7 4 1887
7 4 1888
7 4 1889
7 4 1890
7 4 1891
7 4 1892
7 4 1893
7 4 1894
7 4 1895
7 4 1896
7 4 1897
7 4 1898
7 4 1899
7 4 1900
7 4 1901
7 4 1902
7 4 1903
7 4 1904
7 4 1905
7 4 1906
7 4 1907
7 4 1908
7 4 1909
7 4 1910
7 4 1911
7 4 1912
7 4 1913
7 4 1914
7 4 1915
7 4 1916
7 4 1917
7 4 1918
7 4 1919
7 4 1920
7 4 1921
7 4 1922
7 4 1923
7 4 1924
7 4 1925
7 4 1926
7 4 1927
7 4 1928
7 4 1929
7 4 1930
7 4 1931
7 4 1932
7 4 1933
7 4 1934
7 4 1935
7 4 1936
7 4 1937
7 4 1938
7 4 1939
7 4 1940
7 4 1941
7 4 1942
7 4 1943
7 4 1944
7 4 1945
7 4 1946
7 4 1947
7 4 1948
7 4 1949
7 4 1950
7 4 1951
7 4 1952
7 4 1953
7 4 1954
7 4 1955
7 4 1956
7 4 1957
7 4 1958
7 4 1959
7 4 1960
7 4 1961
7 4 1962
7 4 1963
7 4 1964
7 4 1965
7 4 1966
7 4 1967
7 4 1968
7 4 1969
7 4 1970
7 4 1971
7 4 1972
7 4 1973
7 4 1974
7 4 1975
7 4 1976
7 4 1977
7 4 1978
7 4 1979
7 4 1980
7 4 1981
7 4 1982
7 4 1983
7 4 1984
7 4 1985
7 4 1986
7 4 1987
7 4 1988
7 4 1989
7 4 1990
7 4 1991
7 4 1992
7 4 1993
7 4 1994
7 4 1995
7 4 1996
7 4 1997
7 4 1998
7 4 1999
7 4 2000
7 4 2001
7 4 2002
7 4 2003
7 4 2004
7 4 2005
7 4 2006
7 4 2007
7 4 2008
7 4 2009
7 4 2010
7 4 2011
7 4 2012
7 4 2013
7 4 2014
7 4 2015
7 4 2016
7 4 2017
7 4 2018
7 4 2019
7 4 2020
7 4 2021
7 4 2022
7 4 2023
7 4 2024
7 4 2025
7 4 2026
7 4 2027
7 4 2028
7 4 2029
7 4 2030
7 4 2031
7 4 2032
7 4 2033
7 4 2034
7 4 2035
7 4 2036
7 4 2037
7 4 2038
7 4 2039
7 4 2040
7 4 2041
7 4 2042
7 4 2043
7 4 2044
7 4 2045
7 4 2046
7 4 2047
7 4 2048
7 4 2049
7 4 2050
7 4 2051
7 4 2052
7 4 2053
7 4 2054
7 4 2055
7 4 2056
7 4 2057
7 4 2058
7 4 2059
7 4 2060
7 4 2061
7 4 2062
7 4 2063
7 4 2064
7 4 2065
7 4 2066
7 4 2067
7 4 2068
7 4 2069
7 4 2070
7 4 2071
7 4 2072
7 4 2073
7 4 2074
7 4 2075
7 4 2076
7 4 2077
7 4 2078
7 4 2079
7 4 2080
7 4 2081
7 4 2082
7 4 2083
7 4 2084
7 4 2085
7 4 2086
7 4 2087
7 4 2088
7 4 2089
7 4 2090
7 4 2091
7 4 2092
7 4 2093
7 4 2094
7 4 2095
7 4 2096
7 4 2097
7 4 2098
7 4 2099
