9 4 1600
9 3 1601
9 2 1602
9 1 1603
9 6 1604
9 5 1605
9 4 1606
9 3 1607
9 1 1608
9 7 1609
9 6 1610
9 5 1611
9 3 1612
9 2 1613
9 1 1614
9 7 1615
9 5 1616
9 4 1617
9 3 1618
9 2 1619
9 7 1620
9 6 1621
9 5 1622
9 4 1623
9 2 1624
9 1 1625
9 7 1626
9 6 1627
9 4 1628
9 3 1629
9 2 1630
9 1 1631
9 6 1632
9 5 1633
9 4 1634
9 3 1635
9 1 1636
9 7 1637
9 6 1638
9 5 1639
9 3 1640
9 2 1641
9 1 1642
9 7 1643
9 5 1644
9 4 1645
9 3 1646
9 2 1647
9 7 1648
9 6 1649
9 5 1650
9 4 1651
9 2 1652
9 1 1653
9 7 1654
9 6 1655
9 4 1656
9 3 1657
9 2 1658
9 1 1659
9 6 1660
9 5 1661
9 4 1662
9 3 1663
9 1 1664
9 7 1665
9 6 1666
9 5 1667
9 3 1668
9 2 1669
9 1 1670
9 7 1671
9 5 1672
9 4 1673
9 3 1674
9 2 1675
9 7 1676
9 6 1677
9 5 1678
9 4 1679
9 2 1680
9 1 1681
9 7 1682
9 6 1683
9 4 1684
9 3 1685
9 2 1686
9 1 1687
9 6 1688
9 5 1689
9 4 1690
9 3 1691
9 1 1692
9 7 1693
9 6 1694
9 5 1695
9 3 1696
9 2 1697
9 1 1698
9 7 1699
9 6 1700
9 5 1701
9 4 1702
9 3 1703
9 1 1704
9 7 1705
9 6 1706
9 5 1707
9 3 1708
9 2 1709
9 1 1710
9 7 1711
9 5 1712
9 4 1713
9 3 1714
9 2 1715
9 7 1716
9 6 1717
9 5 1718
9 4 1719
9 2 1720
9 1 1721
9 7 1722
9 6 1723
9 4 1724
9 3 1725
9 2 1726
9 1 1727
9 6 1728
9 5 1729
9 4 1730
9 3 1731
9 1 1732
9 7 1733
9 6 1734
9 5 1735
9 3 1736
9 2 1737
9 1 1738
9 7 1739
9 5 1740
9 4 1741
9 3 1742
9 2 1743
9 7 1744
9 6 1745
9 5 1746
9 4 1747
9 2 1748
9 1 1749
9 7 1750
9 6 1751
9 4 1752
9 3 1753
9 2 1754
9 1 1755
9 6 1756
9 5 1757
9 4 1758
9 3 1759
9 1 1760
9 7 1761
9 6 1762
9 5 1763
9 3 1764
9 2 1765
9 1 1766
9 7 1767
9 5 1768
9 4 1769
9 3 1770
9 2 1771
9 7 1772
9 6 1773
9 5 1774
9 4 1775
9 2 1776
9 1 1777
9 7 1778
9 6 1779
9 4 1780
9 3 1781
9 2 1782
9 1 1783
9 6 1784
9 5 1785
9 4 1786
9 3 1787
9 1 1788
9 7 1789
9 6 1790
9 5 1791
9 3 1792
9 2 1793
9 1 1794
9 7 1795
9 5 1796
9 4 1797
9 3 1798
9 2 1799
9 1 1800
9 7 1801
9 6 1802
9 5 1803
9 3 1804
9 2 1805
9 1 1806
9 7 1807
9 5 1808
9 4 1809
9 3 1810
9 2 1811
9 7 1812
9 6 1813
9 5 1814
9 4 1815
9 2 1816
9 1 1817
9 7 1818
9 6 1819
9 4 1820
9 3 1821
9 2 1822
9 1 1823
9 6 1824
9 5 1825
9 4 1826
9 3 1827
9 1 1828
9 7 1829
9 6 1830
9 5 1831
9 3 1832
9 2 1833
9 1 1834
9 7 1835
9 5 1836
9 4 1837
9 3 1838
9 2 1839
9 7 1840
9 6 1841
9 5 1842
9 4 1843
9 2 1844
9 1 1845
9 7 1846
9 6 1847
9 4 1848
9 3 1849
9 2 1850
9 1 1851
9 6 1852
9 5 1853
9 4 1854
9 3 1855
9 1 1856
9 7 1857
9 6 1858
9 5 1859
9 3 1860
9 2 1861
9 1 1862
9 7 1863
9 5 1864
9 4 1865
9 3 1866
9 2 1867
9 7 1868
9 6 1869
9 5 1870
9 4 1871
9 2 1872
9 1 1873
9 7 1874
9 6 1875
9 4 1876
9 3 1877
9 2 1878
9 1 1879
9 6 1880
9 5 1881
9 4 1882
9 3 1883
9 1 1884
9 7 1885
9 6 1886
9 5 1887
9 3 1888
9 2 1889
9 1 1890
9 7 1891
9 5 1892
9 4 1893
9 3 1894
9 2 1895
9 7 1896
9 6 1897
9 5 1898
9 4 1899
9 3 1900
9 2 1901
9 1 1902
9 7 1903
9 5 1904
9 4 1905
9 3 1906
9 2 1907
9 7 1908
9 6 1909
9 5 1910
9 4 1911
9 2 1912
9 1 1913
9 7 1914
9 6 1915
9 4 1916
9 3 1917
9 2 1918
9 1 1919
9 6 1920
9 5 1921
9 4 1922
9 3 1923
9 1 1924
9 7 1925
9 6 1926
9 5 1927
9 3 1928
9 2 1929
9 1 1930
9 7 1931
9 5 1932
9 4 1933
9 3 1934
9 2 1935
9 7 1936
9 6 1937
9 5 1938
9 4 1939
9 2 1940
9 1 1941
9 7 1942
9 6 1943
9 4 1944
9 3 1945
9 2 1946
9 1 1947
9 6 1948
9 5 1949
9 4 1950
9 3 1951
9 1 1952
9 7 1953
9 6 1954
9 5 1955
9 3 1956
9 2 1957
9 1 1958
9 7 1959
9 5 1960
9 4 1961
9 3 1962
9 2 1963
9 7 1964
9 6 1965
9 5 1966
9 4 1967
9 2 1968
9 1 1969
9 7 1970
9 6 1971
9 4 1972
9 3 1973
9 2 1974
9 1 1975
9 6 1976
9 5 1977
9 4 1978
9 3 1979
9 1 1980
9 7 1981
9 6 1982
9 5 1983
9 3 1984
9 2 1985
9 1 1986
9 7 1987
9 5 1988
9 4 1989
9 3 1990
9 2 1991
9 7 1992
9 6 1993
9 5 1994
9 4 1995
9 2 1996
9 1 1997
9 7 1998
9 6 1999
9 4 2000
9 3 2001
9 2 2002
9 1 2003
9 6 2004
9 5 2005
9 4 2006
9 3 2007
9 1 2008
9 7 2009
9 6 2010
9 5 2011
9 3 2012
9 2 2013
9 1 2014
9 7 2015
9 5 2016
9 4 2017
9 3 2018
9 2 2019
9 7 2020
9 6 2021
9 5 2022
9 4 2023
9 2 2024
9 1 2025
9 7 2026
9 6 2027
9 4 2028
9 3 2029
9 2 2030
9 1 2031
9 6 2032
9 5 2033
9 4 2034
9 3 2035
9 1 2036
9 7 2037
9 6 2038
9 5 2039
9 3 2040
9 2 2041
9 1 2042
9 7 2043
9 5 2044
9 4 2045
9 3 2046
9 2 2047
9 7 2048
9 6 2049
9 5 2050
9 4 2051
9 2 2052
9 1 2053
9 7 2054
9 6 2055
9 4 2056
9 3 2057
9 2 2058
9 1 2059
9 6 2060
9 5 2061
9 4 2062
9 3 2063
9 1 2064
9 7 2065
9 6 2066
9 5 2067
9 3 2068
9 2 2069
9 1 2070
9 7 2071
9 5 2072
9 4 2073
9 3 2074
9 2 2075
9 7 2076
9 6 2077
9 5 2078
9 4 2079
9 2 2080
9 1 2081
9 7 2082
9 6 2083
9 4 2084
9 3 2085
9 2 2086
9 1 2087
9 6 2088
9 5 2089
9 4 2090
9 3 2091
9 1 2092
9 7 2093
9 6 2094
9 5 2095
9 3 2096
9 2 2097
9 1 2098
9 7 2099
