5 29 1600
5 28 1601
5 27 1602
5 26 1603
5 31 1604
5 30 1605
5 29 1606
5 28 1607
5 26 1608
5 25 1609
5 31 1610
5 30 1611
5 28 1612
5 27 1613
5 26 1614
5 25 1615
5 30 1616
5 29 1617
5 28 1618
5 27 1619
5 25 1620
5 31 1621
5 30 1622
5 29 1623
5 27 1624
5 26 1625
5 25 1626
5 31 1627
5 29 1628
5 28 1629
5 27 1630
5 26 1631
5 31 1632
5 30 1633
5 29 1634
5 28 1635
5 26 1636
5 25 1637
5 31 1638
5 30 1639
5 28 1640
5 27 1641
5 26 1642
5 25 1643
5 30 1644
5 29 1645
5 28 1646
5 27 1647
5 25 1648
5 31 1649
5 30 1650
5 29 1651
5 27 1652
5 26 1653
5 25 1654
5 31 1655
5 29 1656
5 28 1657
5 27 1658
5 26 1659
5 31 1660
5 30 1661
5 29 1662
5 28 1663
5 26 1664
5 25 1665
5 31 1666
5 30 1667
5 28 1668
5 27 1669
5 26 1670
5 25 1671
5 30 1672
5 29 1673
5 28 1674
5 27 1675
5 25 1676
5 31 1677
5 30 1678
5 29 1679
5 27 1680
5 26 1681
5 25 1682
5 31 1683
5 29 1684
5 28 1685
5 27 1686
5 26 1687
5 31 1688
5 30 1689
5 29 1690
5 28 1691
5 26 1692
5 25 1693
5 31 1694
5 30 1695
5 28 1696
5 27 1697
5 26 1698
5 25 1699
5 31 1700
5 30 1701
5 29 1702
5 28 1703
5 26 1704
5 25 1705
5 31 1706
5 30 1707
5 28 1708
5 27 1709
5 26 1710
5 25 1711
5 30 1712
5 29 1713
5 28 1714
5 27 1715
5 25 1716
5 31 1717
5 30 1718
5 29 1719
5 27 1720
5 26 1721
5 25 1722
5 31 1723
5 29 1724
5 28 1725
5 27 1726
5 26 1727
5 31 1728
5 30 1729
5 29 1730
5 28 1731
5 26 1732
5 25 1733
5 31 1734
5 30 1735
5 28 1736
5 27 1737
5 26 1738
5 25 1739
5 30 1740
5 29 1741
5 28 1742
5 27 1743
5 25 1744
5 31 1745
5 30 1746
5 29 1747
5 27 1748
5 26 1749
5 25 1750
5 31 1751
5 29 1752
5 28 1753
5 27 1754
5 26 1755
5 31 1756
5 30 1757
5 29 1758
5 28 1759
5 26 1760
5 25 1761
5 31 1762
5 30 1763
5 28 1764
5 27 1765
5 26 1766
5 25 1767
5 30 1768
5 29 1769
5 28 1770
5 27 1771
5 25 1772
5 31 1773
5 30 1774
5 29 1775
5 27 1776
5 26 1777
5 25 1778
5 31 1779
5 29 1780
5 28 1781
5 27 1782
5 26 1783
5 31 1784
5 30 1785
5 29 1786
5 28 1787
5 26 1788
5 25 1789
5 31 1790
5 30 1791
5 28 1792
5 27 1793
5 26 1794
5 25 1795
5 30 1796
5 29 1797
5 28 1798
5 27 1799
5 26 1800
5 25 1801
5 31 1802
5 30 1803
5 28 1804
5 27 1805
5 26 1806
5 25 1807
5 30 1808
5 29 1809
5 28 1810
5 27 1811
5 25 1812
5 31 1813
5 30 1814
5 29 1815
5 27 1816
5 26 1817
5 25 1818
5 31 1819
5 29 1820
5 28 1821
5 27 1822
5 26 1823
5 31 1824
5 30 1825
5 29 1826
5 28 1827
5 26 1828
5 25 1829
5 31 1830
5 30 1831
5 28 1832
5 27 1833
5 26 1834
5 25 1835
5 30 1836
5 29 1837
5 28 1838
5 27 1839
5 25 1840
5 31 1841
5 30 1842
5 29 1843
5 27 1844
5 26 1845
5 25 1846
5 31 1847
5 29 1848
5 28 1849
5 27 1850
5 26 1851
5 31 1852
5 30 1853
5 29 1854
5 28 1855
5 26 1856
5 25 1857
5 31 1858
5 30 1859
5 28 1860
5 27 1861
5 26 1862
5 25 1863
5 30 1864
5 29 1865
5 28 1866
5 27 1867
5 25 1868
5 31 1869
5 30 1870
5 29 1871
5 27 1872
5 26 1873
5 25 1874
5 31 1875
5 29 1876
5 28 1877
5 27 1878
5 26 1879
5 31 1880
5 30 1881
5 29 1882
5 28 1883
5 26 1884
5 25 1885
5 31 1886
5 30 1887
5 28 1888
5 27 1889
5 26 1890
5 25 1891
5 30 1892
5 29 1893
5 28 1894
5 27 1895
5 25 1896
5 31 1897
5 30 1898
5 29 1899
5 28 1900
5 27 1901
5 26 1902
5 25 1903
5 30 1904
5 29 1905
5 28 1906
5 27 1907
5 25 1908
5 31 1909
5 30 1910
5 29 1911
5 27 1912
5 26 1913
5 25 1914
5 31 1915
5 29 1916
5 28 1917
5 27 1918
5 26 1919
5 31 1920
5 30 1921
5 29 1922
5 28 1923
5 26 1924
5 25 1925
5 31 1926
5 30 1927
5 28 1928
5 27 1929
5 26 1930
5 25 1931
5 30 1932
5 29 1933
5 28 1934
5 27 1935
5 25 1936
5 31 1937
5 30 1938
5 29 1939
5 27 1940
5 26 1941
5 25 1942
5 31 1943
5 29 1944
5 28 1945
5 27 1946
5 26 1947
5 31 1948
5 30 1949
5 29 1950
5 28 1951
5 26 1952
5 25 1953
5 31 1954
5 30 1955
5 28 1956
5 27 1957
5 26 1958
5 25 1959
5 30 1960
5 29 1961
5 28 1962
5 27 1963
5 25 1964
5 31 1965
5 30 1966
5 29 1967
5 27 1968
5 26 1969
5 25 1970
5 31 1971
5 29 1972
5 28 1973
5 27 1974
5 26 1975
5 31 1976
5 30 1977
5 29 1978
5 28 1979
5 26 1980
5 25 1981
5 31 1982
5 30 1983
5 28 1984
5 27 1985
5 26 1986
5 25 1987
5 30 1988
5 29 1989
5 28 1990
5 27 1991
5 25 1992
5 31 1993
5 30 1994
5 29 1995
5 27 1996
5 26 1997
5 25 1998
5 31 1999
5 29 2000
5 28 2001
5 27 2002
5 26 2003
5 31 2004
5 30 2005
5 29 2006
5 28 2007
5 26 2008
5 25 2009
5 31 2010
5 30 2011
5 28 2012
5 27 2013
5 26 2014
5 25 2015
5 30 2016
5 29 2017
5 28 2018
5 27 2019
5 25 2020
5 31 2021
5 30 2022
5 29 2023
5 27 2024
5 26 2025
5 25 2026
5 31 2027
5 29 2028
5 28 2029
5 27 2030
5 26 2031
5 31 2032
5 30 2033
5 29 2034
5 28 2035
5 26 2036
5 25 2037
5 31 2038
5 30 2039
5 28 2040
5 27 2041
5 26 2042
5 25 2043
5 30 2044
5 29 2045
5 28 2046
5 27 2047
5 25 2048
5 31 2049
5 30 2050
5 29 2051
5 27 2052
5 26 2053
5 25 2054
5 31 2055
5 29 2056
5 28 2057
5 27 2058
5 26 2059
5 31 2060
5 30 2061
5 29 2062
5 28 2063
5 26 2064
5 25 2065
5 31 2066
5 30 2067
5 28 2068
5 27 2069
5 26 2070
5 25 2071
5 30 2072
5 29 2073
5 28 2074
5 27 2075
5 25 2076
5 31 2077
5 30 2078
5 29 2079
5 27 2080
5 26 2081
5 25 2082
5 31 2083
5 29 2084
5 28 2085
5 27 2086
5 26 2087
5 31 2088
5 30 2089
5 29 2090
5 28 2091
5 26 2092
5 25 2093
5 31 2094
5 30 2095
5 28 2096
5 27 2097
5 26 2098
5 25 2099
