1 17 1600
1 15 1601
1 21 1602
1 20 1603
1 19 1604
1 17 1605
1 16 1606
1 15 1607
1 21 1608
1 19 1609
1 18 1610
1 17 1611
1 16 1612
1 21 1613
1 20 1614
1 19 1615
1 18 1616
1 16 1617
1 15 1618
1 21 1619
1 20 1620
1 18 1621
1 17 1622
1 16 1623
1 15 1624
1 20 1625
1 19 1626
1 18 1627
1 17 1628
1 15 1629
1 21 1630
1 20 1631
1 19 1632
1 17 1633
1 16 1634
1 15 1635
1 21 1636
1 19 1637
1 18 1638
1 17 1639
1 16 1640
1 21 1641
1 20 1642
1 19 1643
1 18 1644
1 16 1645
1 15 1646
1 21 1647
1 20 1648
1 18 1649
1 17 1650
1 16 1651
1 15 1652
1 20 1653
1 19 1654
1 18 1655
1 17 1656
1 15 1657
1 21 1658
1 20 1659
1 19 1660
1 17 1661
1 16 1662
1 15 1663
1 21 1664
1 19 1665
1 18 1666
1 17 1667
1 16 1668
1 21 1669
1 20 1670
1 19 1671
1 18 1672
1 16 1673
1 15 1674
1 21 1675
1 20 1676
1 18 1677
1 17 1678
1 16 1679
1 15 1680
1 20 1681
1 19 1682
1 18 1683
1 17 1684
1 15 1685
1 21 1686
1 20 1687
1 19 1688
1 17 1689
1 16 1690
1 15 1691
1 21 1692
1 19 1693
1 18 1694
1 17 1695
1 16 1696
1 21 1697
1 20 1698
1 19 1699
1 18 1700
1 17 1701
1 16 1702
1 15 1703
1 21 1704
1 19 1705
1 18 1706
1 17 1707
1 16 1708
1 21 1709
1 20 1710
1 19 1711
1 18 1712
1 16 1713
1 15 1714
1 21 1715
1 20 1716
1 18 1717
1 17 1718
1 16 1719
1 15 1720
1 20 1721
1 19 1722
1 18 1723
1 17 1724
1 15 1725
1 21 1726
1 20 1727
1 19 1728
1 17 1729
1 16 1730
1 15 1731
1 21 1732
1 19 1733
1 18 1734
1 17 1735
1 16 1736
1 21 1737
1 20 1738
1 19 1739
1 18 1740
1 16 1741
1 15 1742
1 21 1743
1 20 1744
1 18 1745
1 17 1746
1 16 1747
1 15 1748
1 20 1749
1 19 1750
1 18 1751
1 17 1752
1 15 1753
1 21 1754
1 20 1755
1 19 1756
1 17 1757
1 16 1758
1 15 1759
1 21 1760
1 19 1761
1 18 1762
1 17 1763
1 16 1764
1 21 1765
1 20 1766
1 19 1767
1 18 1768
1 16 1769
1 15 1770
1 21 1771
1 20 1772
1 18 1773
1 17 1774
1 16 1775
1 15 1776
1 20 1777
1 19 1778
1 18 1779
1 17 1780
1 15 1781
1 21 1782
1 20 1783
1 19 1784
1 17 1785
1 16 1786
1 15 1787
1 21 1788
1 19 1789
1 18 1790
1 17 1791
1 16 1792
1 21 1793
1 20 1794
1 19 1795
1 18 1796
1 16 1797
1 15 1798
1 21 1799
1 20 1800
1 19 1801
1 18 1802
1 17 1803
1 16 1804
1 21 1805
1 20 1806
1 19 1807
1 18 1808
1 16 1809
1 15 1810
1 21 1811
1 20 1812
1 18 1813
1 17 1814
1 16 1815
1 15 1816
1 20 1817
1 19 1818
1 18 1819
1 17 1820
1 15 1821
1 21 1822
1 20 1823
1 19 1824
1 17 1825
1 16 1826
1 15 1827
1 21 1828
1 19 1829
1 18 1830
1 17 1831
1 16 1832
1 21 1833
1 20 1834
1 19 1835
1 18 1836
1 16 1837
1 15 1838
1 21 1839
1 20 1840
1 18 1841
1 17 1842
1 16 1843
1 15 1844
1 20 1845
1 19 1846
1 18 1847
1 17 1848
1 15 1849
1 21 1850
1 20 1851
1 19 1852
1 17 1853
1 16 1854
1 15 1855
1 21 1856
1 19 1857
1 18 1858
1 17 1859
1 16 1860
1 21 1861
1 20 1862
1 19 1863
1 18 1864
1 16 1865
1 15 1866
1 21 1867
1 20 1868
1 18 1869
1 17 1870
1 16 1871
1 15 1872
1 20 1873
1 19 1874
1 18 1875
1 17 1876
1 15 1877
1 21 1878
1 20 1879
1 19 1880
1 17 1881
1 16 1882
1 15 1883
1 21 1884
1 19 1885
1 18 1886
1 17 1887
1 16 1888
1 21 1889
1 20 1890
1 19 1891
1 18 1892
1 16 1893
1 15 1894
1 21 1895
1 20 1896
1 18 1897
1 17 1898
1 16 1899
1 15 1900
1 21 1901
1 20 1902
1 19 1903
1 18 1904
1 16 1905
1 15 1906
1 21 1907
1 20 1908
1 18 1909
1 17 1910
1 16 1911
1 15 1912
1 20 1913
1 19 1914
1 18 1915
1 17 1916
1 15 1917
1 21 1918
1 20 1919
1 19 1920
1 17 1921
1 16 1922
1 15 1923
1 21 1924
1 19 1925
1 18 1926
1 17 1927
1 16 1928
1 21 1929
1 20 1930
1 19 1931
1 18 1932
1 16 1933
1 15 1934
1 21 1935
1 20 1936
1 18 1937
1 17 1938
1 16 1939
1 15 1940
1 20 1941
1 19 1942
1 18 1943
1 17 1944
1 15 1945
1 21 1946
1 20 1947
1 19 1948
1 17 1949
1 16 1950
1 15 1951
1 21 1952
1 19 1953
1 18 1954
1 17 1955
1 16 1956
1 21 1957
1 20 1958
1 19 1959
1 18 1960
1 16 1961
1 15 1962
1 21 1963
1 20 1964
1 18 1965
1 17 1966
1 16 1967
1 15 1968
1 20 1969
1 19 1970
1 18 1971
1 17 1972
1 15 1973
1 21 1974
1 20 1975
1 19 1976
1 17 1977
1 16 1978
1 15 1979
1 21 1980
1 19 1981
1 18 1982
1 17 1983
1 16 1984
1 21 1985
1 20 1986
1 19 1987
1 18 1988
1 16 1989
1 15 1990
1 21 1991
1 20 1992
1 18 1993
1 17 1994
1 16 1995
1 15 1996
1 20 1997
1 19 1998
1 18 1999
1 17 2000
1 15 2001
1 21 2002
1 20 2003
1 19 2004
1 17 2005
1 16 2006
1 15 2007
1 21 2008
1 19 2009
1 18 2010
1 17 2011
1 16 2012
1 21 2013
1 20 2014
1 19 2015
1 18 2016
1 16 2017
1 15 2018
1 21 2019
1 20 2020
1 18 2021
1 17 2022
1 16 2023
1 15 2024
1 20 2025
1 19 2026
1 18 2027
1 17 2028
1 15 2029
1 21 2030
1 20 2031
1 19 2032
1 17 2033
1 16 2034
1 15 2035
1 21 2036
1 19 2037
1 18 2038
1 17 2039
1 16 2040
1 21 2041
1 20 2042
1 19 2043
1 18 2044
1 16 2045
1 15 2046
1 21 2047
1 20 2048
1 18 2049
1 17 2050
1 16 2051
1 15 2052
1 20 2053
1 19 2054
1 18 2055
1 17 2056
1 15 2057
1 21 2058
1 20 2059
1 19 2060
1 17 2061
1 16 2062
1 15 2063
1 21 2064
1 19 2065
1 18 2066
1 17 2067
1 16 2068
1 21 2069
1 20 2070
1 19 2071
1 18 2072
1 16 2073
1 15 2074
1 21 2075
1 20 2076
1 18 2077
1 17 2078
1 16 2079
1 15 2080
1 20 2081
1 19 2082
1 18 2083
1 17 2084
1 15 2085
1 21 2086
1 20 2087
1 19 2088
1 17 2089
1 16 2090
1 15 2091
1 21 2092
1 19 2093
1 18 2094
1 17 2095
1 16 2096
1 21 2097
1 20 2098
1 19 2099
