11 11 1600
11 11 1601
11 11 1602
11 11 1603
11 11 1604
11 11 1605
11 11 1606
11 11 1607
11 11 1608
11 11 1609
11 11 1610
11 11 1611
11 11 1612
11 11 1613
11 11 1614
11 11 1615
11 11 1616
11 11 1617
11 11 1618
11 11 1619
11 11 1620
11 11 1621
11 11 1622
11 11 1623
11 11 1624
11 11 1625
11 11 1626
11 11 1627
11 11 1628
11 11 1629
11 11 1630
11 11 1631
11 11 1632
11 11 1633
11 11 1634
11 11 1635
11 11 1636
11 11 1637
11 11 1638
11 11 1639
11 11 1640
11 11 1641
11 11 1642
11 11 1643
11 11 1644
11 11 1645
11 11 1646
11 11 1647
11 11 1648
11 11 1649
11 11 1650
11 11 1651
11 11 1652
11 11 1653
11 11 1654
11 11 1655
11 11 1656
11 11 1657
11 11 1658
11 11 1659
11 11 1660
11 11 1661
11 11 1662
11 11 1663
11 11 1664
11 11 1665
11 11 1666
11 11 1667
11 11 1668
11 11 1669
11 11 1670
11 11 1671
11 11 1672
11 11 1673
11 11 1674
11 11 1675
11 11 1676
11 11 1677
11 11 1678
11 11 1679
11 11 1680
11 11 1681
11 11 1682
11 11 1683
11 11 1684
11 11 1685
11 11 1686
11 11 1687
11 11 1688
11 11 1689
11 11 1690
11 11 1691
11 11 1692
11 11 1693
11 11 1694
11 11 1695
11 11 1696
11 11 1697
11 11 1698
11 11 1699
11 11 1700
11 11 1701
11 11 1702
11 11 1703
11 11 1704
11 11 1705
11 11 1706
11 11 1707
11 11 1708
11 11 1709
11 11 1710
11 11 1711
11 11 1712
11 11 1713
11 11 1714
11 11 1715
11 11 1716
11 11 1717
11 11 1718
11 11 1719
11 11 1720
11 11 1721
11 11 1722
11 11 1723
11 11 1724
11 11 1725
11 11 1726
11 11 1727
11 11 1728
11 11 1729
11 11 1730
11 11 1731
11 11 1732
11 11 1733
11 11 1734
11 11 1735
11 11 1736
11 11 1737
11 11 1738
11 11 1739
11 11 1740
11 11 1741
11 11 1742
11 11 1743
11 11 1744
11 11 1745
11 11 1746
11 11 1747
11 11 1748
11 11 1749
11 11 1750
11 11 1751
11 11 1752
11 11 1753
11 11 1754
11 11 1755
11 11 1756
11 11 1757
11 11 1758
11 11 1759
11 11 1760
11 11 1761
11 11 1762
11 11 1763
11 11 1764
11 11 1765
11 11 1766
11 11 1767
11 11 1768
11 11 1769
11 11 1770
11 11 1771
11 11 1772
11 11 1773
11 11 1774
11 11 1775
11 11 1776
11 11 1777
11 11 1778
11 11 1779
11 11 1780
11 11 1781
11 11 1782
11 11 1783
11 11 1784
11 11 1785
11 11 1786
11 11 1787
11 11 1788
11 11 1789
11 11 1790
11 11 1791
11 11 1792
11 11 1793
11 11 1794
11 11 1795
11 11 1796
11 11 1797
11 11 1798
11 11 1799
11 11 1800
11 11 1801
11 11 1802
11 11 1803
11 11 1804
11 11 1805
11 11 1806
11 11 1807
11 11 1808
11 11 1809
11 11 1810
11 11 1811
11 11 1812
11 11 1813
11 11 1814
11 11 1815
11 11 1816
11 11 1817
11 11 1818
11 11 1819
11 11 1820
11 11 1821
11 11 1822
11 11 1823
11 11 1824
11 11 1825
11 11 1826
11 11 1827
11 11 1828
11 11 1829
11 11 1830
11 11 1831
11 11 1832
11 11 1833
11 11 1834
11 11 1835
11 11 1836
11 11 1837
11 11 1838
11 11 1839
11 11 1840
11 11 1841
11 11 1842
11 11 1843
11 11 1844
11 11 1845
11 11 1846
11 11 1847
11 11 1848
11 11 1849
11 11 1850
11 11 1851
11 11 1852
11 11 1853
11 11 1854
11 11 1855
11 11 1856
11 11 1857
11 11 1858
11 11 1859
11 11 1860
11 11 1861
11 11 1862
11 11 1863
11 11 1864
11 11 1865
11 11 1866
11 11 1867
11 11 1868
11 11 1869
11 11 1870
11 11 1871
11 11 1872
11 11 1873
11 11 1874
11 11 1875
11 11 1876
11 11 1877
11 11 1878
11 11 1879
11 11 1880
11 11 1881
11 11 1882
11 11 1883
11 11 1884
11 11 1885
11 11 1886
11 11 1887
11 11 1888
11 11 1889
11 11 1890
11 11 1891
11 11 1892
11 11 1893
11 11 1894
11 11 1895
11 11 1896
11 11 1897
11 11 1898
11 11 1899
11 11 1900
11 11 1901
11 11 1902
11 11 1903
11 11 1904
11 11 1905
11 11 1906
11 11 1907
11 11 1908
11 11 1909
11 11 1910
11 11 1911
11 11 1912
11 11 1913
11 11 1914
11 11 1915
11 11 1916
11 11 1917
11 11 1918
11 11 1919
11 11 1920
11 11 1921
11 11 1922
11 11 1923
11 11 1924
11 11 1925
11 11 1926
11 11 1927
11 11 1928
11 11 1929
11 11 1930
11 11 1931
11 11 1932
11 11 1933
11 11 1934
11 11 1935
11 11 1936
11 11 1937
11 11 1938
11 11 1939
11 11 1940
11 11 1941
11 11 1942
11 11 1943
11 11 1944
11 11 1945
11 11 1946
11 11 1947
11 11 1948
11 11 1949
11 11 1950
11 11 1951
11 11 1952
11 11 1953
11 11 1954
11 11 1955
11 11 1956
11 11 1957
11 11 1958
11 11 1959
11 11 1960
11 11 1961
11 11 1962
11 11 1963
11 11 1964
11 11 1965
11 11 1966
11 11 1967
11 11 1968
11 11 1969
11 11 1970
11 11 1971
11 11 1972
11 11 1973
11 11 1974
11 11 1975
11 11 1976
11 11 1977
11 11 1978
11 11 1979
11 11 1980
11 11 1981
11 11 1982
11 11 1983
11 11 1984
11 11 1985
11 11 1986
11 11 1987
11 11 1988
11 11 1989
11 11 1990
11 11 1991
11 11 1992
11 11 1993
11 11 1994
11 11 1995
11 11 1996
11 11 1997
11 11 1998
11 11 1999
11 11 2000
11 11 2001
11 11 2002
11 11 2003
11 11 2004
11 11 2005
11 11 2006
11 11 2007
11 11 2008
11 11 2009
11 11 2010
11 11 2011
11 11 2012
11 11 2013
11 11 2014
11 11 2015
11 11 2016
11 11 2017
11 11 2018
11 11 2019
11 11 2020
11 11 2021
11 11 2022
11 11 2023
11 11 2024
11 11 2025
11 11 2026
11 11 2027
11 11 2028
11 11 2029
11 11 2030
11 11 2031
11 11 2032
11 11 2033
11 11 2034
11 11 2035
11 11 2036
11 11 2037
11 11 2038
11 11 2039
11 11 2040
11 11 2041
11 11 2042
11 11 2043
11 11 2044
11 11 2045
11 11 2046
11 11 2047
11 11 2048
11 11 2049
11 11 2050
11 11 2051
11 11 2052
11 11 2053
11 11 2054
11 11 2055
11 11 2056
11 11 2057
11 11 2058
11 11 2059
11 11 2060
11 11 2061
11 11 2062
11 11 2063
11 11 2064
11 11 2065
11 11 2066
11 11 2067
11 11 2068
11 11 2069
11 11 2070
11 11 2071
11 11 2072
11 11 2073
11 11 2074
11 11 2075
11 11 2076
11 11 2077
11 11 2078
11 11 2079
11 11 2080
11 11 2081
11 11 2082
11 11 2083
11 11 2084
11 11 2085
11 11 2086
11 11 2087
11 11 2088
11 11 2089
11 11 2090
11 11 2091
11 11 2092
11 11 2093
11 11 2094
11 11 2095
11 11 2096
11 11 2097
11 11 2098
11 11 2099
