12 25 1600
12 25 1601
12 25 1602
12 25 1603
12 25 1604
12 25 1605
12 25 1606
12 25 1607
12 25 1608
12 25 1609
12 25 1610
12 25 1611
12 25 1612
12 25 1613
12 25 1614
12 25 1615
12 25 1616
12 25 1617
12 25 1618
12 25 1619
12 25 1620
12 25 1621
12 25 1622
12 25 1623
12 25 1624
12 25 1625
12 25 1626
12 25 1627
12 25 1628
12 25 1629
12 25 1630
12 25 1631
12 25 1632
12 25 1633
12 25 1634
12 25 1635
12 25 1636
12 25 1637
12 25 1638
12 25 1639
12 25 1640
12 25 1641
12 25 1642
12 25 1643
12 25 1644
12 25 1645
12 25 1646
12 25 1647
12 25 1648
12 25 1649
12 25 1650
12 25 1651
12 25 1652
12 25 1653
12 25 1654
12 25 1655
12 25 1656
12 25 1657
12 25 1658
12 25 1659
12 25 1660
12 25 1661
12 25 1662
12 25 1663
12 25 1664
12 25 1665
12 25 1666
12 25 1667
12 25 1668
12 25 1669
12 25 1670
12 25 1671
12 25 1672
12 25 1673
12 25 1674
12 25 1675
12 25 1676
12 25 1677
12 25 1678
12 25 1679
12 25 1680
12 25 1681
12 25 1682
12 25 1683
12 25 1684
12 25 1685
12 25 1686
12 25 1687
12 25 1688
12 25 1689
12 25 1690
12 25 1691
12 25 1692
12 25 1693
12 25 1694
12 25 1695
12 25 1696
12 25 1697
12 25 1698
12 25 1699
12 25 1700
12 25 1701
12 25 1702
12 25 1703
12 25 1704
12 25 1705
12 25 1706
12 25 1707
12 25 1708
12 25 1709
12 25 1710
12 25 1711
12 25 1712
12 25 1713
12 25 1714
12 25 1715
12 25 1716
12 25 1717
12 25 1718
12 25 1719
12 25 1720
12 25 1721
12 25 1722
12 25 1723
12 25 1724
12 25 1725
12 25 1726
12 25 1727
12 25 1728
12 25 1729
12 25 1730
12 25 1731
12 25 1732
12 25 1733
12 25 1734
12 25 1735
12 25 1736
12 25 1737
12 25 1738
12 25 1739
12 25 1740
12 25 1741
12 25 1742
12 25 1743
12 25 1744
12 25 1745
12 25 1746
12 25 1747
12 25 1748
12 25 1749
12 25 1750
12 25 1751
12 25 1752
12 25 1753
12 25 1754
12 25 1755
12 25 1756
12 25 1757
12 25 1758
12 25 1759
12 25 1760
12 25 1761
12 25 1762
12 25 1763
12 25 1764
12 25 1765
12 25 1766
12 25 1767
12 25 1768
12 25 1769
12 25 1770
12 25 1771
12 25 1772
12 25 1773
12 25 1774
12 25 1775
12 25 1776
12 25 1777
12 25 1778
12 25 1779
12 25 1780
12 25 1781
12 25 1782
12 25 1783
12 25 1784
12 25 1785
12 25 1786
12 25 1787
12 25 1788
12 25 1789
12 25 1790
12 25 1791
12 25 1792
12 25 1793
12 25 1794
12 25 1795
12 25 1796
12 25 1797
12 25 1798
12 25 1799
12 25 1800
12 25 1801
12 25 1802
12 25 1803
12 25 1804
12 25 1805
12 25 1806
12 25 1807
12 25 1808
12 25 1809
12 25 1810
12 25 1811
12 25 1812
12 25 1813
12 25 1814
12 25 1815
12 25 1816
12 25 1817
12 25 1818
12 25 1819
12 25 1820
12 25 1821
12 25 1822
12 25 1823
12 25 1824
12 25 1825
12 25 1826
12 25 1827
12 25 1828
12 25 1829
12 25 1830
12 25 1831
12 25 1832
12 25 1833
12 25 1834
12 25 1835
12 25 1836
12 25 1837
12 25 1838
12 25 1839
12 25 1840
12 25 1841
12 25 1842
12 25 1843
12 25 1844
12 25 1845
12 25 1846
12 25 1847
12 25 1848
12 25 1849
12 25 1850
12 25 1851
12 25 1852
12 25 1853
12 25 1854
12 25 1855
12 25 1856
12 25 1857
12 25 1858
12 25 1859
12 25 1860
12 25 1861
12 25 1862
12 25 1863
12 25 1864
12 25 1865
12 25 1866
12 25 1867
12 25 1868
12 25 1869
12 25 1870
12 25 1871
12 25 1872
12 25 1873
12 25 1874
12 25 1875
12 25 1876
12 25 1877
12 25 1878
12 25 1879
12 25 1880
12 25 1881
12 25 1882
12 25 1883
12 25 1884
12 25 1885
12 25 1886
12 25 1887
12 25 1888
12 25 1889
12 25 1890
12 25 1891
12 25 1892
12 25 1893
12 25 1894
12 25 1895
12 25 1896
12 25 1897
12 25 1898
12 25 1899
12 25 1900
12 25 1901
12 25 1902
12 25 1903
12 25 1904
12 25 1905
12 25 1906
12 25 1907
12 25 1908
12 25 1909
12 25 1910
12 25 1911
12 25 1912
12 25 1913
12 25 1914
12 25 1915
12 25 1916
12 25 1917
12 25 1918
12 25 1919
12 25 1920
12 25 1921
12 25 1922
12 25 1923
12 25 1924
12 25 1925
12 25 1926
12 25 1927
12 25 1928
12 25 1929
12 25 1930
12 25 1931
12 25 1932
12 25 1933
12 25 1934
12 25 1935
12 25 1936
12 25 1937
12 25 1938
12 25 1939
12 25 1940
12 25 1941
12 25 1942
12 25 1943
12 25 1944
12 25 1945
12 25 1946
12 25 1947
12 25 1948
12 25 1949
12 25 1950
12 25 1951
12 25 1952
12 25 1953
12 25 1954
12 25 1955
12 25 1956
12 25 1957
12 25 1958
12 25 1959
12 25 1960
12 25 1961
12 25 1962
12 25 1963
12 25 1964
12 25 1965
12 25 1966
12 25 1967
12 25 1968
12 25 1969
12 25 1970
12 25 1971
12 25 1972
12 25 1973
12 25 1974
12 25 1975
12 25 1976
12 25 1977
12 25 1978
12 25 1979
12 25 1980
12 25 1981
12 25 1982
12 25 1983
12 25 1984
12 25 1985
12 25 1986
12 25 1987
12 25 1988
12 25 1989
12 25 1990
12 25 1991
12 25 1992
12 25 1993
12 25 1994
12 25 1995
12 25 1996
12 25 1997
12 25 1998
12 25 1999
12 25 2000
12 25 2001
12 25 2002
12 25 2003
12 25 2004
12 25 2005
12 25 2006
12 25 2007
12 25 2008
12 25 2009
12 25 2010
12 25 2011
12 25 2012
12 25 2013
12 25 2014
12 25 2015
12 25 2016
12 25 2017
12 25 2018
12 25 2019
12 25 2020
12 25 2021
12 25 2022
12 25 2023
12 25 2024
12 25 2025
12 25 2026
12 25 2027
12 25 2028
12 25 2029
12 25 2030
12 25 2031
12 25 2032
12 25 2033
12 25 2034
12 25 2035
12 25 2036
12 25 2037
12 25 2038
12 25 2039
12 25 2040
12 25 2041
12 25 2042
12 25 2043
12 25 2044
12 25 2045
12 25 2046
12 25 2047
12 25 2048
12 25 2049
12 25 2050
12 25 2051
12 25 2052
12 25 2053
12 25 2054
12 25 2055
12 25 2056
12 25 2057
12 25 2058
12 25 2059
12 25 2060
12 25 2061
12 25 2062
12 25 2063
12 25 2064
12 25 2065
12 25 2066
12 25 2067
12 25 2068
12 25 2069
12 25 2070
12 25 2071
12 25 2072
12 25 2073
12 25 2074
12 25 2075
12 25 2076
12 25 2077
12 25 2078
12 25 2079
12 25 2080
12 25 2081
12 25 2082
12 25 2083
12 25 2084
12 25 2085
12 25 2086
12 25 2087
12 25 2088
12 25 2089
12 25 2090
12 25 2091
12 25 2092
12 25 2093
12 25 2094
12 25 2095
12 25 2096
12 25 2097
12 25 2098
12 25 2099
