11 23 2001
11 29 2002
11 28 2003
11 26 2004
11 25 2005
11 24 2006
11 23 2007
11 28 2008
11 27 2009
11 26 2010
11 25 2011
11 23 2012
11 29 2013
11 28 2014
11 27 2015
11 25 2016
11 24 2017
11 23 2018
11 29 2019
11 27 2020
11 26 2021
11 25 2022
11 24 2023
11 29 2024
11 28 2025
11 27 2026
11 26 2027
11 24 2028
11 23 2029
11 29 2030
11 28 2031
11 26 2032
11 25 2033
11 24 2034
11 23 2035
11 28 2036
11 27 2037
11 26 2038
11 25 2039
11 23 2040
11 29 2041
11 28 2042
11 27 2043
11 25 2044
11 24 2045
11 23 2046
11 29 2047
11 27 2048
11 26 2049
11 25 2050
11 24 2051
11 29 2052
11 28 2053
11 27 2054
11 26 2055
11 24 2056
11 23 2057
11 29 2058
11 28 2059
11 26 2060
11 25 2061
11 24 2062
11 23 2063
11 28 2064
11 27 2065
11 26 2066
11 25 2067
11 23 2068
11 29 2069
11 28 2070
11 27 2071
11 25 2072
11 24 2073
11 23 2074
11 29 2075
11 27 2076
11 26 2077
11 25 2078
11 24 2079
11 29 2080
11 28 2081
11 27 2082
11 26 2083
11 24 2084
11 23 2085
11 29 2086
11 28 2087
11 26 2088
11 25 2089
11 24 2090
11 23 2091
11 28 2092
11 27 2093
11 26 2094
11 25 2095
11 23 2096
11 29 2097
11 28 2098
11 27 2099
11 26 2100
11 25 2101
11 24 2102
11 23 2103
11 28 2104
11 27 2105
11 26 2106
11 25 2107
11 23 2108
11 29 2109
11 28 2110
11 27 2111
11 25 2112
11 24 2113
11 23 2114
11 29 2115
11 27 2116
11 26 2117
11 25 2118
11 24 2119
11 29 2120
11 28 2121
11 27 2122
11 26 2123
11 24 2124
11 23 2125
11 29 2126
11 28 2127
11 26 2128
11 25 2129
11 24 2130
11 23 2131
11 28 2132
11 27 2133
11 26 2134
11 25 2135
11 23 2136
11 29 2137
11 28 2138
11 27 2139
11 25 2140
11 24 2141
11 23 2142
11 29 2143
11 27 2144
11 26 2145
11 25 2146
11 24 2147
11 29 2148
11 28 2149
11 27 2150
11 26 2151
11 24 2152
11 23 2153
11 29 2154
11 28 2155
11 26 2156
11 25 2157
11 24 2158
11 23 2159
11 28 2160
11 27 2161
11 26 2162
11 25 2163
11 23 2164
11 29 2165
11 28 2166
11 27 2167
11 25 2168
11 24 2169
11 23 2170
11 29 2171
11 27 2172
11 26 2173
11 25 2174
11 24 2175
11 29 2176
11 28 2177
11 27 2178
11 26 2179
11 24 2180
11 23 2181
11 29 2182
11 28 2183
11 26 2184
11 25 2185
11 24 2186
11 23 2187
11 28 2188
11 27 2189
11 26 2190
11 25 2191
11 23 2192
11 29 2193
11 28 2194
11 27 2195
11 25 2196
11 24 2197
11 23 2198
11 29 2199
11 28 2200
11 27 2201
11 26 2202
11 25 2203
11 23 2204
11 29 2205
11 28 2206
11 27 2207
11 25 2208
11 24 2209
11 23 2210
11 29 2211
11 27 2212
11 26 2213
11 25 2214
11 24 2215
11 29 2216
11 28 2217
11 27 2218
11 26 2219
11 24 2220
11 23 2221
11 29 2222
11 28 2223
11 26 2224
11 25 2225
11 24 2226
11 23 2227
11 28 2228
11 27 2229
11 26 2230
11 25 2231
11 23 2232
11 29 2233
11 28 2234
11 27 2235
11 25 2236
11 24 2237
11 23 2238
11 29 2239
11 27 2240
11 26 2241
11 25 2242
11 24 2243
11 29 2244
11 28 2245
11 27 2246
11 26 2247
11 24 2248
11 23 2249
11 29 2250
11 28 2251
11 26 2252
11 25 2253
11 24 2254
11 23 2255
11 28 2256
11 27 2257
11 26 2258
11 25 2259
11 23 2260
11 29 2261
11 28 2262
11 27 2263
11 25 2264
11 24 2265
11 23 2266
11 29 2267
11 27 2268
11 26 2269
11 25 2270
11 24 2271
11 29 2272
11 28 2273
11 27 2274
11 26 2275
11 24 2276
11 23 2277
11 29 2278
11 28 2279
11 26 2280
11 25 2281
11 24 2282
11 23 2283
11 28 2284
11 27 2285
11 26 2286
11 25 2287
11 23 2288
11 29 2289
11 28 2290
11 27 2291
11 25 2292
11 24 2293
11 23 2294
11 29 2295
11 27 2296
11 26 2297
11 25 2298
11 24 2299
11 23 2300
11 29 2301
11 28 2302
11 27 2303
11 25 2304
11 24 2305
11 23 2306
11 29 2307
11 27 2308
11 26 2309
11 25 2310
11 24 2311
11 29 2312
11 28 2313
11 27 2314
11 26 2315
11 24 2316
11 23 2317
11 29 2318
11 28 2319
11 26 2320
11 25 2321
11 24 2322
11 23 2323
11 28 2324
11 27 2325
11 26 2326
11 25 2327
11 23 2328
11 29 2329
11 28 2330
11 27 2331
11 25 2332
11 24 2333
11 23 2334
11 29 2335
11 27 2336
11 26 2337
11 25 2338
11 24 2339
11 29 2340
11 28 2341
11 27 2342
11 26 2343
11 24 2344
11 23 2345
11 29 2346
11 28 2347
11 26 2348
11 25 2349
11 24 2350
11 23 2351
11 28 2352
11 27 2353
11 26 2354
11 25 2355
11 23 2356
11 29 2357
11 28 2358
11 27 2359
11 25 2360
11 24 2361
11 23 2362
11 29 2363
11 27 2364
11 26 2365
11 25 2366
11 24 2367
11 29 2368
11 28 2369
11 27 2370
11 26 2371
11 24 2372
11 23 2373
11 29 2374
11 28 2375
11 26 2376
11 25 2377
11 24 2378
11 23 2379
11 28 2380
11 27 2381
11 26 2382
11 25 2383
11 23 2384
11 29 2385
11 28 2386
11 27 2387
11 25 2388
11 24 2389
11 23 2390
11 29 2391
11 27 2392
11 26 2393
11 25 2394
11 24 2395
11 29 2396
11 28 2397
11 27 2398
11 26 2399
11 24 2400
