10 9 1600
10 8 1601
10 14 1602
10 13 1603
10 11 1604
10 10 1605
10 9 1606
10 8 1607
10 13 1608
10 12 1609
10 11 1610
10 10 1611
10 8 1612
10 14 1613
10 13 1614
10 12 1615
10 10 1616
10 9 1617
10 8 1618
10 14 1619
10 12 1620
10 11 1621
10 10 1622
10 9 1623
10 14 1624
10 13 1625
10 12 1626
10 11 1627
10 9 1628
10 8 1629
10 14 1630
10 13 1631
10 11 1632
10 10 1633
10 9 1634
10 8 1635
10 13 1636
10 12 1637
10 11 1638
10 10 1639
10 8 1640
10 14 1641
10 13 1642
10 12 1643
10 10 1644
10 9 1645
10 8 1646
10 14 1647
10 12 1648
10 11 1649
10 10 1650
10 9 1651
10 14 1652
10 13 1653
10 12 1654
10 11 1655
10 9 1656
10 8 1657
10 14 1658
10 13 1659
10 11 1660
10 10 1661
10 9 1662
10 8 1663
10 13 1664
10 12 1665
10 11 1666
10 10 1667
10 8 1668
10 14 1669
10 13 1670
10 12 1671
10 10 1672
10 9 1673
10 8 1674
10 14 1675
10 12 1676
10 11 1677
10 10 1678
10 9 1679
10 14 1680
10 13 1681
10 12 1682
10 11 1683
10 9 1684
10 8 1685
10 14 1686
10 13 1687
10 11 1688
10 10 1689
10 9 1690
10 8 1691
10 13 1692
10 12 1693
10 11 1694
10 10 1695
10 8 1696
10 14 1697
10 13 1698
10 12 1699
10 11 1700
10 10 1701
10 9 1702
10 8 1703
10 13 1704
10 12 1705
10 11 1706
10 10 1707
10 8 1708
10 14 1709
10 13 1710
10 12 1711
10 10 1712
10 9 1713
10 8 1714
10 14 1715
10 12 1716
10 11 1717
10 10 1718
10 9 1719
10 14 1720
10 13 1721
10 12 1722
10 11 1723
10 9 1724
10 8 1725
10 14 1726
10 13 1727
10 11 1728
10 10 1729
10 9 1730
10 8 1731
10 13 1732
10 12 1733
10 11 1734
10 10 1735
10 8 1736
10 14 1737
10 13 1738
10 12 1739
10 10 1740
10 9 1741
10 8 1742
10 14 1743
10 12 1744
10 11 1745
10 10 1746
10 9 1747
10 14 1748
10 13 1749
10 12 1750
10 11 1751
10 9 1752
10 8 1753
10 14 1754
10 13 1755
10 11 1756
10 10 1757
10 9 1758
10 8 1759
10 13 1760
10 12 1761
10 11 1762
10 10 1763
10 8 1764
10 14 1765
10 13 1766
10 12 1767
10 10 1768
10 9 1769
10 8 1770
10 14 1771
10 12 1772
10 11 1773
10 10 1774
10 9 1775
10 14 1776
10 13 1777
10 12 1778
10 11 1779
10 9 1780
10 8 1781
10 14 1782
10 13 1783
10 11 1784
10 10 1785
10 9 1786
10 8 1787
10 13 1788
10 12 1789
10 11 1790
10 10 1791
10 8 1792
10 14 1793
10 13 1794
10 12 1795
10 10 1796
10 9 1797
10 8 1798
10 14 1799
10 13 1800
10 12 1801
10 11 1802
10 10 1803
10 8 1804
10 14 1805
10 13 1806
10 12 1807
10 10 1808
10 9 1809
10 8 1810
10 14 1811
10 12 1812
10 11 1813
10 10 1814
10 9 1815
10 14 1816
10 13 1817
10 12 1818
10 11 1819
10 9 1820
10 8 1821
10 14 1822
10 13 1823
10 11 1824
10 10 1825
10 9 1826
10 8 1827
10 13 1828
10 12 1829
10 11 1830
10 10 1831
10 8 1832
10 14 1833
10 13 1834
10 12 1835
10 10 1836
10 9 1837
10 8 1838
10 14 1839
10 12 1840
10 11 1841
10 10 1842
10 9 1843
10 14 1844
10 13 1845
10 12 1846
10 11 1847
10 9 1848
10 8 1849
10 14 1850
10 13 1851
10 11 1852
10 10 1853
10 9 1854
10 8 1855
10 13 1856
10 12 1857
10 11 1858
10 10 1859
10 8 1860
10 14 1861
10 13 1862
10 12 1863
10 10 1864
10 9 1865
10 8 1866
10 14 1867
10 12 1868
10 11 1869
10 10 1870
10 9 1871
10 14 1872
10 13 1873
10 12 1874
10 11 1875
10 9 1876
10 8 1877
10 14 1878
10 13 1879
10 11 1880
10 10 1881
10 9 1882
10 8 1883
10 13 1884
10 12 1885
10 11 1886
10 10 1887
10 8 1888
10 14 1889
10 13 1890
10 12 1891
10 10 1892
10 9 1893
10 8 1894
10 14 1895
10 12 1896
10 11 1897
10 10 1898
10 9 1899
10 8 1900
10 14 1901
10 13 1902
10 12 1903
10 10 1904
10 9 1905
10 8 1906
10 14 1907
10 12 1908
10 11 1909
10 10 1910
10 9 1911
10 14 1912
10 13 1913
10 12 1914
10 11 1915
10 9 1916
10 8 1917
10 14 1918
10 13 1919
10 11 1920
10 10 1921
10 9 1922
10 8 1923
10 13 1924
10 12 1925
10 11 1926
10 10 1927
10 8 1928
10 14 1929
10 13 1930
10 12 1931
10 10 1932
10 9 1933
10 8 1934
10 14 1935
10 12 1936
10 11 1937
10 10 1938
10 9 1939
10 14 1940
10 13 1941
10 12 1942
10 11 1943
10 9 1944
10 8 1945
10 14 1946
10 13 1947
10 11 1948
10 10 1949
10 9 1950
10 8 1951
10 13 1952
10 12 1953
10 11 1954
10 10 1955
10 8 1956
10 14 1957
10 13 1958
10 12 1959
10 10 1960
10 9 1961
10 8 1962
10 14 1963
10 12 1964
10 11 1965
10 10 1966
10 9 1967
10 14 1968
10 13 1969
10 12 1970
10 11 1971
10 9 1972
10 8 1973
10 14 1974
10 13 1975
10 11 1976
10 10 1977
10 9 1978
10 8 1979
10 13 1980
10 12 1981
10 11 1982
10 10 1983
10 8 1984
10 14 1985
10 13 1986
10 12 1987
10 10 1988
10 9 1989
10 8 1990
10 14 1991
10 12 1992
10 11 1993
10 10 1994
10 9 1995
10 14 1996
10 13 1997
10 12 1998
10 11 1999
10 9 2000
10 8 2001
10 14 2002
10 13 2003
10 11 2004
10 10 2005
10 9 2006
10 8 2007
10 13 2008
10 12 2009
10 11 2010
10 10 2011
10 8 2012
10 14 2013
10 13 2014
10 12 2015
10 10 2016
10 9 2017
10 8 2018
10 14 2019
10 12 2020
10 11 2021
10 10 2022
10 9 2023
10 14 2024
10 13 2025
10 12 2026
10 11 2027
10 9 2028
10 8 2029
10 14 2030
10 13 2031
10 11 2032
10 10 2033
10 9 2034
10 8 2035
10 13 2036
10 12 2037
10 11 2038
10 10 2039
10 8 2040
10 14 2041
10 13 2042
10 12 2043
10 10 2044
10 9 2045
10 8 2046
10 14 2047
10 12 2048
10 11 2049
10 10 2050
10 9 2051
10 14 2052
10 13 2053
10 12 2054
10 11 2055
10 9 2056
10 8 2057
10 14 2058
10 13 2059
10 11 2060
10 10 2061
10 9 2062
10 8 2063
10 13 2064
10 12 2065
10 11 2066
10 10 2067
10 8 2068
10 14 2069
10 13 2070
10 12 2071
10 10 2072
10 9 2073
10 8 2074
10 14 2075
10 12 2076
10 11 2077
10 10 2078
10 9 2079
10 14 2080
10 13 2081
10 12 2082
10 11 2083
10 9 2084
10 8 2085
10 14 2086
10 13 2087
10 11 2088
10 10 2089
10 9 2090
10 8 2091
10 13 2092
10 12 2093
10 11 2094
10 10 2095
10 8 2096
10 14 2097
10 13 2098
10 12 2099
