11 26 2001
12 2 2002
12 1 2003
11 29 2004
11 28 2005
11 27 2006
11 26 2007
12 1 2008
11 30 2009
11 29 2010
11 28 2011
11 26 2012
12 2 2013
12 1 2014
11 30 2015
11 28 2016
11 27 2017
11 26 2018
12 2 2019
11 30 2020
11 29 2021
11 28 2022
11 27 2023
12 2 2024
12 1 2025
11 30 2026
11 29 2027
11 27 2028
11 26 2029
12 2 2030
12 1 2031
11 29 2032
11 28 2033
11 27 2034
11 26 2035
12 1 2036
11 30 2037
11 29 2038
11 28 2039
11 26 2040
12 2 2041
12 1 2042
11 30 2043
11 28 2044
11 27 2045
11 26 2046
12 2 2047
11 30 2048
11 29 2049
11 28 2050
11 27 2051
12 2 2052
12 1 2053
11 30 2054
11 29 2055
11 27 2056
11 26 2057
12 2 2058
12 1 2059
11 29 2060
11 28 2061
11 27 2062
11 26 2063
12 1 2064
11 30 2065
11 29 2066
11 28 2067
11 26 2068
12 2 2069
12 1 2070
11 30 2071
11 28 2072
11 27 2073
11 26 2074
12 2 2075
11 30 2076
11 29 2077
11 28 2078
11 27 2079
12 2 2080
12 1 2081
11 30 2082
11 29 2083
11 27 2084
11 26 2085
12 2 2086
12 1 2087
11 29 2088
11 28 2089
11 27 2090
11 26 2091
12 1 2092
11 30 2093
11 29 2094
11 28 2095
11 26 2096
12 2 2097
12 1 2098
11 30 2099
11 29 2100
11 28 2101
11 27 2102
11 26 2103
12 1 2104
11 30 2105
11 29 2106
11 28 2107
11 26 2108
12 2 2109
12 1 2110
11 30 2111
11 28 2112
11 27 2113
11 26 2114
12 2 2115
11 30 2116
11 29 2117
11 28 2118
11 27 2119
12 2 2120
12 1 2121
11 30 2122
11 29 2123
11 27 2124
11 26 2125
12 2 2126
12 1 2127
11 29 2128
11 28 2129
11 27 2130
11 26 2131
12 1 2132
11 30 2133
11 29 2134
11 28 2135
11 26 2136
12 2 2137
12 1 2138
11 30 2139
11 28 2140
11 27 2141
11 26 2142
12 2 2143
11 30 2144
11 29 2145
11 28 2146
11 27 2147
12 2 2148
12 1 2149
11 30 2150
11 29 2151
11 27 2152
11 26 2153
12 2 2154
12 1 2155
11 29 2156
11 28 2157
11 27 2158
11 26 2159
12 1 2160
11 30 2161
11 29 2162
11 28 2163
11 26 2164
12 2 2165
12 1 2166
11 30 2167
11 28 2168
11 27 2169
11 26 2170
12 2 2171
11 30 2172
11 29 2173
11 28 2174
11 27 2175
12 2 2176
12 1 2177
11 30 2178
11 29 2179
11 27 2180
11 26 2181
12 2 2182
12 1 2183
11 29 2184
11 28 2185
11 27 2186
11 26 2187
12 1 2188
11 30 2189
11 29 2190
11 28 2191
11 26 2192
12 2 2193
12 1 2194
11 30 2195
11 28 2196
11 27 2197
11 26 2198
12 2 2199
12 1 2200
11 30 2201
11 29 2202
11 28 2203
11 26 2204
12 2 2205
12 1 2206
11 30 2207
11 28 2208
11 27 2209
11 26 2210
12 2 2211
11 30 2212
11 29 2213
11 28 2214
11 27 2215
12 2 2216
12 1 2217
11 30 2218
11 29 2219
11 27 2220
11 26 2221
12 2 2222
12 1 2223
11 29 2224
11 28 2225
11 27 2226
11 26 2227
12 1 2228
11 30 2229
11 29 2230
11 28 2231
11 26 2232
12 2 2233
12 1 2234
11 30 2235
11 28 2236
11 27 2237
11 26 2238
12 2 2239
11 30 2240
11 29 2241
11 28 2242
11 27 2243
12 2 2244
12 1 2245
11 30 2246
11 29 2247
11 27 2248
11 26 2249
12 2 2250
12 1 2251
11 29 2252
11 28 2253
11 27 2254
11 26 2255
12 1 2256
11 30 2257
11 29 2258
11 28 2259
11 26 2260
12 2 2261
12 1 2262
11 30 2263
11 28 2264
11 27 2265
11 26 2266
12 2 2267
11 30 2268
11 29 2269
11 28 2270
11 27 2271
12 2 2272
12 1 2273
11 30 2274
11 29 2275
11 27 2276
11 26 2277
12 2 2278
12 1 2279
11 29 2280
11 28 2281
11 27 2282
11 26 2283
12 1 2284
11 30 2285
11 29 2286
11 28 2287
11 26 2288
12 2 2289
12 1 2290
11 30 2291
11 28 2292
11 27 2293
11 26 2294
12 2 2295
11 30 2296
11 29 2297
11 28 2298
11 27 2299
11 26 2300
12 2 2301
12 1 2302
11 30 2303
11 28 2304
11 27 2305
11 26 2306
12 2 2307
11 30 2308
11 29 2309
11 28 2310
11 27 2311
12 2 2312
12 1 2313
11 30 2314
11 29 2315
11 27 2316
11 26 2317
12 2 2318
12 1 2319
11 29 2320
11 28 2321
11 27 2322
11 26 2323
12 1 2324
11 30 2325
11 29 2326
11 28 2327
11 26 2328
12 2 2329
12 1 2330
11 30 2331
11 28 2332
11 27 2333
11 26 2334
12 2 2335
11 30 2336
11 29 2337
11 28 2338
11 27 2339
12 2 2340
12 1 2341
11 30 2342
11 29 2343
11 27 2344
11 26 2345
12 2 2346
12 1 2347
11 29 2348
11 28 2349
11 27 2350
11 26 2351
12 1 2352
11 30 2353
11 29 2354
11 28 2355
11 26 2356
12 2 2357
12 1 2358
11 30 2359
11 28 2360
11 27 2361
11 26 2362
12 2 2363
11 30 2364
11 29 2365
11 28 2366
11 27 2367
12 2 2368
12 1 2369
11 30 2370
11 29 2371
11 27 2372
11 26 2373
12 2 2374
12 1 2375
11 29 2376
11 28 2377
11 27 2378
11 26 2379
12 1 2380
11 30 2381
11 29 2382
11 28 2383
11 26 2384
12 2 2385
12 1 2386
11 30 2387
11 28 2388
11 27 2389
11 26 2390
12 2 2391
11 30 2392
11 29 2393
11 28 2394
11 27 2395
12 2 2396
12 1 2397
11 30 2398
11 29 2399
11 27 2400
