9 3 2001
9 2 2002
9 1 2003
9 6 2004
9 5 2005
9 4 2006
9 3 2007
9 1 2008
9 7 2009
9 6 2010
9 5 2011
9 3 2012
9 2 2013
9 1 2014
9 7 2015
9 5 2016
9 4 2017
9 3 2018
9 2 2019
9 7 2020
9 6 2021
9 5 2022
9 4 2023
9 2 2024
9 1 2025
9 7 2026
9 6 2027
9 4 2028
9 3 2029
9 2 2030
9 1 2031
9 6 2032
9 5 2033
9 4 2034
9 3 2035
9 1 2036
9 7 2037
9 6 2038
9 5 2039
9 3 2040
9 2 2041
9 1 2042
9 7 2043
9 5 2044
9 4 2045
9 3 2046
9 2 2047
9 7 2048
9 6 2049
9 5 2050
9 4 2051
9 2 2052
9 1 2053
9 7 2054
9 6 2055
9 4 2056
9 3 2057
9 2 2058
9 1 2059
9 6 2060
9 5 2061
9 4 2062
9 3 2063
9 1 2064
9 7 2065
9 6 2066
9 5 2067
9 3 2068
9 2 2069
9 1 2070
9 7 2071
9 5 2072
9 4 2073
9 3 2074
9 2 2075
9 7 2076
9 6 2077
9 5 2078
9 4 2079
9 2 2080
9 1 2081
9 7 2082
9 6 2083
9 4 2084
9 3 2085
9 2 2086
9 1 2087
9 6 2088
9 5 2089
9 4 2090
9 3 2091
9 1 2092
9 7 2093
9 6 2094
9 5 2095
9 3 2096
9 2 2097
9 1 2098
9 7 2099
9 6 2100
9 5 2101
9 4 2102
9 3 2103
9 1 2104
9 7 2105
9 6 2106
9 5 2107
9 3 2108
9 2 2109
9 1 2110
9 7 2111
9 5 2112
9 4 2113
9 3 2114
9 2 2115
9 7 2116
9 6 2117
9 5 2118
9 4 2119
9 2 2120
9 1 2121
9 7 2122
9 6 2123
9 4 2124
9 3 2125
9 2 2126
9 1 2127
9 6 2128
9 5 2129
9 4 2130
9 3 2131
9 1 2132
9 7 2133
9 6 2134
9 5 2135
9 3 2136
9 2 2137
9 1 2138
9 7 2139
9 5 2140
9 4 2141
9 3 2142
9 2 2143
9 7 2144
9 6 2145
9 5 2146
9 4 2147
9 2 2148
9 1 2149
9 7 2150
9 6 2151
9 4 2152
9 3 2153
9 2 2154
9 1 2155
9 6 2156
9 5 2157
9 4 2158
9 3 2159
9 1 2160
9 7 2161
9 6 2162
9 5 2163
9 3 2164
9 2 2165
9 1 2166
9 7 2167
9 5 2168
9 4 2169
9 3 2170
9 2 2171
9 7 2172
9 6 2173
9 5 2174
9 4 2175
9 2 2176
9 1 2177
9 7 2178
9 6 2179
9 4 2180
9 3 2181
9 2 2182
9 1 2183
9 6 2184
9 5 2185
9 4 2186
9 3 2187
9 1 2188
9 7 2189
9 6 2190
9 5 2191
9 3 2192
9 2 2193
9 1 2194
9 7 2195
9 5 2196
9 4 2197
9 3 2198
9 2 2199
9 1 2200
9 7 2201
9 6 2202
9 5 2203
9 3 2204
9 2 2205
9 1 2206
9 7 2207
9 5 2208
9 4 2209
9 3 2210
9 2 2211
9 7 2212
9 6 2213
9 5 2214
9 4 2215
9 2 2216
9 1 2217
9 7 2218
9 6 2219
9 4 2220
9 3 2221
9 2 2222
9 1 2223
9 6 2224
9 5 2225
9 4 2226
9 3 2227
9 1 2228
9 7 2229
9 6 2230
9 5 2231
9 3 2232
9 2 2233
9 1 2234
9 7 2235
9 5 2236
9 4 2237
9 3 2238
9 2 2239
9 7 2240
9 6 2241
9 5 2242
9 4 2243
9 2 2244
9 1 2245
9 7 2246
9 6 2247
9 4 2248
9 3 2249
9 2 2250
9 1 2251
9 6 2252
9 5 2253
9 4 2254
9 3 2255
9 1 2256
9 7 2257
9 6 2258
9 5 2259
9 3 2260
9 2 2261
9 1 2262
9 7 2263
9 5 2264
9 4 2265
9 3 2266
9 2 2267
9 7 2268
9 6 2269
9 5 2270
9 4 2271
9 2 2272
9 1 2273
9 7 2274
9 6 2275
9 4 2276
9 3 2277
9 2 2278
9 1 2279
9 6 2280
9 5 2281
9 4 2282
9 3 2283
9 1 2284
9 7 2285
9 6 2286
9 5 2287
9 3 2288
9 2 2289
9 1 2290
9 7 2291
9 5 2292
9 4 2293
9 3 2294
9 2 2295
9 7 2296
9 6 2297
9 5 2298
9 4 2299
9 3 2300
9 2 2301
9 1 2302
9 7 2303
9 5 2304
9 4 2305
9 3 2306
9 2 2307
9 7 2308
9 6 2309
9 5 2310
9 4 2311
9 2 2312
9 1 2313
9 7 2314
9 6 2315
9 4 2316
9 3 2317
9 2 2318
9 1 2319
9 6 2320
9 5 2321
9 4 2322
9 3 2323
9 1 2324
9 7 2325
9 6 2326
9 5 2327
9 3 2328
9 2 2329
9 1 2330
9 7 2331
9 5 2332
9 4 2333
9 3 2334
9 2 2335
9 7 2336
9 6 2337
9 5 2338
9 4 2339
9 2 2340
9 1 2341
9 7 2342
9 6 2343
9 4 2344
9 3 2345
9 2 2346
9 1 2347
9 6 2348
9 5 2349
9 4 2350
9 3 2351
9 1 2352
9 7 2353
9 6 2354
9 5 2355
9 3 2356
9 2 2357
9 1 2358
9 7 2359
9 5 2360
9 4 2361
9 3 2362
9 2 2363
9 7 2364
9 6 2365
9 5 2366
9 4 2367
9 2 2368
9 1 2369
9 7 2370
9 6 2371
9 4 2372
9 3 2373
9 2 2374
9 1 2375
9 6 2376
9 5 2377
9 4 2378
9 3 2379
9 1 2380
9 7 2381
9 6 2382
9 5 2383
9 3 2384
9 2 2385
9 1 2386
9 7 2387
9 5 2388
9 4 2389
9 3 2390
9 2 2391
9 7 2392
9 6 2393
9 5 2394
9 4 2395
9 2 2396
9 1 2397
9 7 2398
9 6 2399
9 4 2400
