2 4 2001
2 3 2002
2 2 2003
2 1 2004
2 6 2005
2 5 2006
2 4 2007
2 3 2008
2 1 2009
2 7 2010
2 6 2011
2 5 2012
2 3 2013
2 2 2014
2 1 2015
2 7 2016
2 5 2017
2 4 2018
2 3 2019
2 2 2020
2 7 2021
2 6 2022
2 5 2023
2 4 2024
2 2 2025
2 1 2026
2 7 2027
2 6 2028
2 4 2029
2 3 2030
2 2 2031
2 1 2032
2 6 2033
2 5 2034
2 4 2035
2 3 2036
2 1 2037
2 7 2038
2 6 2039
2 5 2040
2 3 2041
2 2 2042
2 1 2043
2 7 2044
2 5 2045
2 4 2046
2 3 2047
2 2 2048
2 7 2049
2 6 2050
2 5 2051
2 4 2052
2 2 2053
2 1 2054
2 7 2055
2 6 2056
2 4 2057
2 3 2058
2 2 2059
2 1 2060
2 6 2061
2 5 2062
2 4 2063
2 3 2064
2 1 2065
2 7 2066
2 6 2067
2 5 2068
2 3 2069
2 2 2070
2 1 2071
2 7 2072
2 5 2073
2 4 2074
2 3 2075
2 2 2076
2 7 2077
2 6 2078
2 5 2079
2 4 2080
2 2 2081
2 1 2082
2 7 2083
2 6 2084
2 4 2085
2 3 2086
2 2 2087
2 1 2088
2 6 2089
2 5 2090
2 4 2091
2 3 2092
2 1 2093
2 7 2094
2 6 2095
2 5 2096
2 3 2097
2 2 2098
2 1 2099
2 7 2100
2 6 2101
2 5 2102
2 4 2103
2 3 2104
2 1 2105
2 7 2106
2 6 2107
2 5 2108
2 3 2109
2 2 2110
2 1 2111
2 7 2112
2 5 2113
2 4 2114
2 3 2115
2 2 2116
2 7 2117
2 6 2118
2 5 2119
2 4 2120
2 2 2121
2 1 2122
2 7 2123
2 6 2124
2 4 2125
2 3 2126
2 2 2127
2 1 2128
2 6 2129
2 5 2130
2 4 2131
2 3 2132
2 1 2133
2 7 2134
2 6 2135
2 5 2136
2 3 2137
2 2 2138
2 1 2139
2 7 2140
2 5 2141
2 4 2142
2 3 2143
2 2 2144
2 7 2145
2 6 2146
2 5 2147
2 4 2148
2 2 2149
2 1 2150
2 7 2151
2 6 2152
2 4 2153
2 3 2154
2 2 2155
2 1 2156
2 6 2157
2 5 2158
2 4 2159
2 3 2160
2 1 2161
2 7 2162
2 6 2163
2 5 2164
2 3 2165
2 2 2166
2 1 2167
2 7 2168
2 5 2169
2 4 2170
2 3 2171
2 2 2172
2 7 2173
2 6 2174
2 5 2175
2 4 2176
2 2 2177
2 1 2178
2 7 2179
2 6 2180
2 4 2181
2 3 2182
2 2 2183
2 1 2184
2 6 2185
2 5 2186
2 4 2187
2 3 2188
2 1 2189
2 7 2190
2 6 2191
2 5 2192
2 3 2193
2 2 2194
2 1 2195
2 7 2196
2 5 2197
2 4 2198
2 3 2199
2 2 2200
2 1 2201
2 7 2202
2 6 2203
2 5 2204
2 3 2205
2 2 2206
2 1 2207
2 7 2208
2 5 2209
2 4 2210
2 3 2211
2 2 2212
2 7 2213
2 6 2214
2 5 2215
2 4 2216
2 2 2217
2 1 2218
2 7 2219
2 6 2220
2 4 2221
2 3 2222
2 2 2223
2 1 2224
2 6 2225
2 5 2226
2 4 2227
2 3 2228
2 1 2229
2 7 2230
2 6 2231
2 5 2232
2 3 2233
2 2 2234
2 1 2235
2 7 2236
2 5 2237
2 4 2238
2 3 2239
2 2 2240
2 7 2241
2 6 2242
2 5 2243
2 4 2244
2 2 2245
2 1 2246
2 7 2247
2 6 2248
2 4 2249
2 3 2250
2 2 2251
2 1 2252
2 6 2253
2 5 2254
2 4 2255
2 3 2256
2 1 2257
2 7 2258
2 6 2259
2 5 2260
2 3 2261
2 2 2262
2 1 2263
2 7 2264
2 5 2265
2 4 2266
2 3 2267
2 2 2268
2 7 2269
2 6 2270
2 5 2271
2 4 2272
2 2 2273
2 1 2274
2 7 2275
2 6 2276
2 4 2277
2 3 2278
2 2 2279
2 1 2280
2 6 2281
2 5 2282
2 4 2283
2 3 2284
2 1 2285
2 7 2286
2 6 2287
2 5 2288
2 3 2289
2 2 2290
2 1 2291
2 7 2292
2 5 2293
2 4 2294
2 3 2295
2 2 2296
2 7 2297
2 6 2298
2 5 2299
2 4 2300
2 3 2301
2 2 2302
2 1 2303
2 7 2304
2 5 2305
2 4 2306
2 3 2307
2 2 2308
2 7 2309
2 6 2310
2 5 2311
2 4 2312
2 2 2313
2 1 2314
2 7 2315
2 6 2316
2 4 2317
2 3 2318
2 2 2319
2 1 2320
2 6 2321
2 5 2322
2 4 2323
2 3 2324
2 1 2325
2 7 2326
2 6 2327
2 5 2328
2 3 2329
2 2 2330
2 1 2331
2 7 2332
2 5 2333
2 4 2334
2 3 2335
2 2 2336
2 7 2337
2 6 2338
2 5 2339
2 4 2340
2 2 2341
2 1 2342
2 7 2343
2 6 2344
2 4 2345
2 3 2346
2 2 2347
2 1 2348
2 6 2349
2 5 2350
2 4 2351
2 3 2352
2 1 2353
2 7 2354
2 6 2355
2 5 2356
2 3 2357
2 2 2358
2 1 2359
2 7 2360
2 5 2361
2 4 2362
2 3 2363
2 2 2364
2 7 2365
2 6 2366
2 5 2367
2 4 2368
2 2 2369
2 1 2370
2 7 2371
2 6 2372
2 4 2373
2 3 2374
2 2 2375
2 1 2376
2 6 2377
2 5 2378
2 4 2379
2 3 2380
2 1 2381
2 7 2382
2 6 2383
2 5 2384
2 3 2385
2 2 2386
2 1 2387
2 7 2388
2 5 2389
2 4 2390
2 3 2391
2 2 2392
2 7 2393
2 6 2394
2 5 2395
2 4 2396
2 2 2397
2 1 2398
2 7 2399
2 6 2400
