11 23 1600
11 22 1601
11 28 1602
11 27 1603
11 25 1604
11 24 1605
11 23 1606
11 22 1607
11 27 1608
11 26 1609
11 25 1610
11 24 1611
11 22 1612
11 28 1613
11 27 1614
11 26 1615
11 24 1616
11 23 1617
11 22 1618
11 28 1619
11 26 1620
11 25 1621
11 24 1622
11 23 1623
11 28 1624
11 27 1625
11 26 1626
11 25 1627
11 23 1628
11 22 1629
11 28 1630
11 27 1631
11 25 1632
11 24 1633
11 23 1634
11 22 1635
11 27 1636
11 26 1637
11 25 1638
11 24 1639
11 22 1640
11 28 1641
11 27 1642
11 26 1643
11 24 1644
11 23 1645
11 22 1646
11 28 1647
11 26 1648
11 25 1649
11 24 1650
11 23 1651
11 28 1652
11 27 1653
11 26 1654
11 25 1655
11 23 1656
11 22 1657
11 28 1658
11 27 1659
11 25 1660
11 24 1661
11 23 1662
11 22 1663
11 27 1664
11 26 1665
11 25 1666
11 24 1667
11 22 1668
11 28 1669
11 27 1670
11 26 1671
11 24 1672
11 23 1673
11 22 1674
11 28 1675
11 26 1676
11 25 1677
11 24 1678
11 23 1679
11 28 1680
11 27 1681
11 26 1682
11 25 1683
11 23 1684
11 22 1685
11 28 1686
11 27 1687
11 25 1688
11 24 1689
11 23 1690
11 22 1691
11 27 1692
11 26 1693
11 25 1694
11 24 1695
11 22 1696
11 28 1697
11 27 1698
11 26 1699
11 25 1700
11 24 1701
11 23 1702
11 22 1703
11 27 1704
11 26 1705
11 25 1706
11 24 1707
11 22 1708
11 28 1709
11 27 1710
11 26 1711
11 24 1712
11 23 1713
11 22 1714
11 28 1715
11 26 1716
11 25 1717
11 24 1718
11 23 1719
11 28 1720
11 27 1721
11 26 1722
11 25 1723
11 23 1724
11 22 1725
11 28 1726
11 27 1727
11 25 1728
11 24 1729
11 23 1730
11 22 1731
11 27 1732
11 26 1733
11 25 1734
11 24 1735
11 22 1736
11 28 1737
11 27 1738
11 26 1739
11 24 1740
11 23 1741
11 22 1742
11 28 1743
11 26 1744
11 25 1745
11 24 1746
11 23 1747
11 28 1748
11 27 1749
11 26 1750
11 25 1751
11 23 1752
11 22 1753
11 28 1754
11 27 1755
11 25 1756
11 24 1757
11 23 1758
11 22 1759
11 27 1760
11 26 1761
11 25 1762
11 24 1763
11 22 1764
11 28 1765
11 27 1766
11 26 1767
11 24 1768
11 23 1769
11 22 1770
11 28 1771
11 26 1772
11 25 1773
11 24 1774
11 23 1775
11 28 1776
11 27 1777
11 26 1778
11 25 1779
11 23 1780
11 22 1781
11 28 1782
11 27 1783
11 25 1784
11 24 1785
11 23 1786
11 22 1787
11 27 1788
11 26 1789
11 25 1790
11 24 1791
11 22 1792
11 28 1793
11 27 1794
11 26 1795
11 24 1796
11 23 1797
11 22 1798
11 28 1799
11 27 1800
11 26 1801
11 25 1802
11 24 1803
11 22 1804
11 28 1805
11 27 1806
11 26 1807
11 24 1808
11 23 1809
11 22 1810
11 28 1811
11 26 1812
11 25 1813
11 24 1814
11 23 1815
11 28 1816
11 27 1817
11 26 1818
11 25 1819
11 23 1820
11 22 1821
11 28 1822
11 27 1823
11 25 1824
11 24 1825
11 23 1826
11 22 1827
11 27 1828
11 26 1829
11 25 1830
11 24 1831
11 22 1832
11 28 1833
11 27 1834
11 26 1835
11 24 1836
11 23 1837
11 22 1838
11 28 1839
11 26 1840
11 25 1841
11 24 1842
11 23 1843
11 28 1844
11 27 1845
11 26 1846
11 25 1847
11 23 1848
11 22 1849
11 28 1850
11 27 1851
11 25 1852
11 24 1853
11 23 1854
11 22 1855
11 27 1856
11 26 1857
11 25 1858
11 24 1859
11 22 1860
11 28 1861
11 27 1862
11 26 1863
11 24 1864
11 23 1865
11 22 1866
11 28 1867
11 26 1868
11 25 1869
11 24 1870
11 23 1871
11 28 1872
11 27 1873
11 26 1874
11 25 1875
11 23 1876
11 22 1877
11 28 1878
11 27 1879
11 25 1880
11 24 1881
11 23 1882
11 22 1883
11 27 1884
11 26 1885
11 25 1886
11 24 1887
11 22 1888
11 28 1889
11 27 1890
11 26 1891
11 24 1892
11 23 1893
11 22 1894
11 28 1895
11 26 1896
11 25 1897
11 24 1898
11 23 1899
11 22 1900
11 28 1901
11 27 1902
11 26 1903
11 24 1904
11 23 1905
11 22 1906
11 28 1907
11 26 1908
11 25 1909
11 24 1910
11 23 1911
11 28 1912
11 27 1913
11 26 1914
11 25 1915
11 23 1916
11 22 1917
11 28 1918
11 27 1919
11 25 1920
11 24 1921
11 23 1922
11 22 1923
11 27 1924
11 26 1925
11 25 1926
11 24 1927
11 22 1928
11 28 1929
11 27 1930
11 26 1931
11 24 1932
11 23 1933
11 22 1934
11 28 1935
11 26 1936
11 25 1937
11 24 1938
11 23 1939
11 28 1940
11 27 1941
11 26 1942
11 25 1943
11 23 1944
11 22 1945
11 28 1946
11 27 1947
11 25 1948
11 24 1949
11 23 1950
11 22 1951
11 27 1952
11 26 1953
11 25 1954
11 24 1955
11 22 1956
11 28 1957
11 27 1958
11 26 1959
11 24 1960
11 23 1961
11 22 1962
11 28 1963
11 26 1964
11 25 1965
11 24 1966
11 23 1967
11 28 1968
11 27 1969
11 26 1970
11 25 1971
11 23 1972
11 22 1973
11 28 1974
11 27 1975
11 25 1976
11 24 1977
11 23 1978
11 22 1979
11 27 1980
11 26 1981
11 25 1982
11 24 1983
11 22 1984
11 28 1985
11 27 1986
11 26 1987
11 24 1988
11 23 1989
11 22 1990
11 28 1991
11 26 1992
11 25 1993
11 24 1994
11 23 1995
11 28 1996
11 27 1997
11 26 1998
11 25 1999
11 23 2000
11 22 2001
11 28 2002
11 27 2003
11 25 2004
11 24 2005
11 23 2006
11 22 2007
11 27 2008
11 26 2009
11 25 2010
11 24 2011
11 22 2012
11 28 2013
11 27 2014
11 26 2015
11 24 2016
11 23 2017
11 22 2018
11 28 2019
11 26 2020
11 25 2021
11 24 2022
11 23 2023
11 28 2024
11 27 2025
11 26 2026
11 25 2027
11 23 2028
11 22 2029
11 28 2030
11 27 2031
11 25 2032
11 24 2033
11 23 2034
11 22 2035
11 27 2036
11 26 2037
11 25 2038
11 24 2039
11 22 2040
11 28 2041
11 27 2042
11 26 2043
11 24 2044
11 23 2045
11 22 2046
11 28 2047
11 26 2048
11 25 2049
11 24 2050
11 23 2051
11 28 2052
11 27 2053
11 26 2054
11 25 2055
11 23 2056
11 22 2057
11 28 2058
11 27 2059
11 25 2060
11 24 2061
11 23 2062
11 22 2063
11 27 2064
11 26 2065
11 25 2066
11 24 2067
11 22 2068
11 28 2069
11 27 2070
11 26 2071
11 24 2072
11 23 2073
11 22 2074
11 28 2075
11 26 2076
11 25 2077
11 24 2078
11 23 2079
11 28 2080
11 27 2081
11 26 2082
11 25 2083
11 23 2084
11 22 2085
11 28 2086
11 27 2087
11 25 2088
11 24 2089
11 23 2090
11 22 2091
11 27 2092
11 26 2093
11 25 2094
11 24 2095
11 22 2096
11 28 2097
11 27 2098
11 26 2099
